2.571461598078410016e-01
3.181547323862711774e-01
3.184756040573120117e-01
3.392650286356608258e-01
3.166466554005940570e-01
3.154892921447753906e-01
3.144923448562622070e-01
3.148247400919596539e-01
3.189849058787028180e-01
3.183142344156901227e-01
3.149905602137247906e-01
3.143260478973388672e-01
3.153228362401326312e-01
3.206420739491780414e-01
3.234738508860270367e-01
3.146589597066243305e-01
3.098436991373698102e-01
3.111675580342610492e-01
3.179887930552164899e-01
3.168247540791829242e-01
3.101646900177001953e-01
3.078496058781941547e-01
3.101641734441121234e-01
3.105090856552124023e-01
3.149841626485188617e-01
3.103359142939249860e-01
3.126633564631144391e-01
3.136750459671020508e-01
3.141611417134602680e-01
3.194730281829833984e-01
3.224770625432332172e-01
3.176502784093220844e-01
3.176436821619669781e-01
3.169920444488525391e-01
3.204796711603800641e-01
3.213069836298624860e-01
3.143202066421508789e-01
3.154893716176350726e-01
3.123310804367065430e-01
3.151628176371256695e-01
3.242991367975870953e-01
3.141592741012573242e-01
3.134948809941609515e-01
3.139997323354085101e-01
3.178101380666096820e-01
3.206424713134765625e-01
3.201564153035481586e-01
3.080082337061564313e-01
3.103364706039428711e-01
3.111732006072998047e-01
3.269592126210530414e-01
3.141587972640991211e-01
3.176568349202473773e-01
4.346695343653361188e-01
3.136665821075439453e-01
3.296175400416056500e-01
3.139933745066325055e-01
3.110013802846272601e-01
3.103365103403727399e-01
3.086799383163452148e-01
3.098383744557698383e-01
3.161480824152628766e-01
3.119982878367106305e-01
3.111742734909057617e-01
3.085083166758219586e-01
3.088403940200805664e-01
3.128296534220377789e-01
3.090129295984904156e-01
3.096708456675211774e-01
3.115058342615763531e-01
3.076764742533366070e-01
3.096773227055867328e-01
3.151571353276570453e-01
3.096722364425659180e-01
3.081756432851155414e-01
3.088402350743611469e-01
3.390869696935017719e-01
4.122304121653239117e-01
3.116662899653117047e-01
3.076830705006917133e-01
3.098380963007609235e-01
3.174840211868286133e-01
3.179816404978434430e-01
3.103310664494832172e-01
3.125032981236775531e-01
3.096716006596882953e-01
3.081751267115275250e-01
3.143260478973388672e-01
3.105024496714274274e-01
3.100039958953857422e-01
3.124972979227702008e-01
3.096715609232584820e-01
3.116722504297892438e-01
3.138337930043538226e-01
3.101632992426554547e-01
3.075110514958699359e-01
3.071784575780232562e-01
3.136666615804036273e-01
3.123303651809692383e-01
3.070182005564371930e-01
