1.355166337318062034e-04
1.462379922840393762e-04
1.584174310157115907e-04
1.705099705838194547e-04
1.834110533222428304e-04
1.991189826840449495e-04
2.146871148241627373e-04
1.121102343040387139e-01
2.500490267272472236e-04
2.694334187575079110e-04
2.914545103512547648e-04
3.140144865215881457e-04
3.393099038595325618e-04
1.122805942062336387e-01
1.123191245493629087e-01
4.245906183381842835e-04
4.567909661426689557e-04
4.937940250620591809e-04
5.292916132269553106e-04
1.125235063395615409e-01
6.110718719020072224e-04
6.566353282050420596e-04
6.994149427032521392e-04
7.507394748609400080e-04
7.935825088856095742e-04
8.505571725015957391e-04
9.072958117697516988e-04
9.591702241658957729e-04
1.020961651954771553e-03
1.078139981466734367e-03
1.142987846526106414e-03
1.204952664315987005e-03
1.269593399532152221e-03
1.334215095230830957e-03
1.399568899916650653e-03
1.465020819276515156e-03
1.533077150237094777e-03
1.601132850919501647e-03
1.673594731891629803e-03
1.744942246025408573e-03
1.811288509573949750e-03
1.870168437645143176e-03
1.943852298854691031e-03
2.016834170621191122e-03
2.079266659477580371e-03
2.149543027886557500e-03
2.213206163917319069e-03
2.280901951021703771e-03
2.353112396963696808e-03
2.408598685742819375e-03
2.465593967211487415e-03
2.530199050665943132e-03
2.596456425374062387e-03
2.660316835203240578e-03
2.721295155975280312e-03
2.748744074251398446e-03
2.826469183933641612e-03
2.858092797201242530e-03
2.932593020312002779e-03
2.970018695036804636e-03
3.032844913157483474e-03
3.075736026633001715e-03
3.163286200425632650e-03
3.226662282779357589e-03
3.290725467645793604e-03
3.351715355785798729e-03
3.407741000833363915e-03
3.459204200590715924e-03
3.510618334474270835e-03
3.634509390181202195e-03
3.738212715804275100e-03
3.782955558557913635e-03
3.867430956218660502e-03
3.931704496304311292e-03
4.004839160419112511e-03
4.057480032143721306e-03
4.163595389391674256e-03
4.287784986362151024e-03
4.419036802635823574e-03
4.530108328794760220e-03
4.660596247298836280e-03
4.797863073293690862e-03
5.027478534843714611e-03
5.135133968826203349e-03
5.374214965349583678e-03
5.475110302497780343e-03
5.648793008482839474e-03
5.825000981514519283e-03
5.860317224042749067e-03
6.288270106201706601e-03
6.781147558826200114e-03
6.943146660513597676e-03
7.077426746955077161e-03
7.607039850959535811e-03
7.700604330391709433e-03
7.942802088833422064e-03
8.211952502919958943e-03
8.550494103948425018e-03
9.023648422285661733e-03
9.571834599387568643e-03
