8.406793329441676274e-03
9.489311661865560896e-03
9.511862744787330168e-03
9.647065191934095160e-03
9.832526323025416598e-03
9.618362636216440734e-03
9.683150109475057235e-03
1.008987810036280491e-02
1.037904708159023172e-02
1.039493681840898687e-02
1.011830763923991794e-02
9.996285511095610865e-03
1.004011830895626747e-02
1.013560590469810181e-02
1.022963678475383338e-02
1.018788628903029118e-02
1.010685293322154642e-02
1.006918686011707906e-02
1.009695934654451961e-02
1.016355629060821872e-02
1.016967270149648009e-02
1.014069108658145930e-02
1.001352921493887070e-02
1.009931123436390646e-02
1.007363284977138944e-02
1.010122809826245402e-02
1.015499791427298959e-02
1.022320479046496394e-02
1.021571005739923405e-02
1.013088738420896834e-02
1.004276183937676502e-02
1.006504246533665263e-02
1.013538392756248470e-02
1.019934330493433433e-02
1.022121138095337042e-02
1.015975043143548494e-02
1.021730393493105148e-02
1.019628728453775279e-02
1.014784870006014451e-02
1.005727507982878341e-02
1.007366257459089975e-02
1.018314163140696810e-02
1.027622182659493517e-02
1.036512637732896203e-02
1.020219500414932742e-02
1.012692695774522131e-02
1.007374159897189703e-02
1.001778175383435422e-02
1.015521110714002334e-02
1.029078416579118360e-02
1.025767426763386954e-02
1.035062111956510517e-02
1.018459607863940811e-02
1.004808245162038677e-02
1.013028214425961727e-02
1.012327045093761382e-02
1.029757763718761390e-02
1.026114580593309386e-02
1.027123526164048367e-02
1.021745928048851428e-02
1.011785343442316021e-02
1.024521414092527741e-02
1.015763258849944339e-02
1.024246118033959353e-02
9.975121791803107443e-03
1.013571715949127504e-02
1.022149950283497352e-02
