3.141592155061072589e+00
3.141592237361066964e+00
3.141589625163486055e+00
3.141584855685855882e+00
3.141579983327631442e+00
3.141575568399707752e+00
3.141571694223458611e+00
3.141568072253065669e+00
3.141564020180713790e+00
3.141558358040179133e+00
3.141549332256512450e+00
3.141534659297269272e+00
3.141511707764573558e+00
3.141477802364213368e+00
3.141430700296201195e+00
3.141369329361078488e+00
3.141294837239173798e+00
3.141211771859522717e+00
3.141128932857844003e+00
3.141059390959821229e+00
3.141019575851405232e+00
3.141027897995735341e+00
3.141103403864702770e+00
3.141264442020166747e+00
3.141526843961886861e+00
3.141284497403078024e+00
3.140797721911458229e+00
3.140209784930721337e+00
3.139547828231283866e+00
3.138854044980022184e+00
3.138184782912442738e+00
3.137606789944162422e+00
3.137191333189786491e+00
3.137009216756454943e+00
3.137125287316343769e+00
3.137583208237666454e+00
3.138392039247858811e+00
3.139515678632581075e+00
3.140871568024818039e+00
3.140849158228118831e+00
3.139429117766868949e+00
3.138217762978252612e+00
3.137371736618695728e+00
3.137019569746456682e+00
3.137239037331841729e+00
3.138041316001138004e+00
3.139380127809360044e+00
3.141154351685841561e+00
3.139971097645072540e+00
3.137809675780113050e+00
3.135749342290103492e+00
3.133976776947766218e+00
3.132654497212778999e+00
3.131913813703776750e+00
3.131835391628533749e+00
3.132422392308801928e+00
3.133599265208978579e+00
3.135229320357314720e+00
3.137128422140269546e+00
3.139122588649372769e+00
3.141054218956036870e+00
3.140440294168468149e+00
3.139115238329992064e+00
3.138182607696558879e+00
3.137642409675195587e+00
3.137487760431347361e+00
3.137696575371701879e+00
3.138214273291178191e+00
3.139007277538264695e+00
3.140046489140932984e+00
3.141327443794205809e+00
3.140306236391278372e+00
3.138485209025388745e+00
3.136429013790074105e+00
3.134226623988521254e+00
3.132043655242516156e+00
3.130130951021723895e+00
3.128764298445682268e+00
3.128164789994725137e+00
3.128488366973877444e+00
3.129800856897351657e+00
3.132044556388059675e+00
3.135053816159166562e+00
3.138559367522482546e+00
3.140981749039921223e+00
3.137630182625563702e+00
3.134988056843070581e+00
3.133397812302242791e+00
3.133067471804680260e+00
3.134010682510456114e+00
3.136099894181431313e+00
3.139071671455087920e+00
3.140621227896265300e+00
3.136989660858946039e+00
3.133594643038426053e+00
3.130757914865944347e+00
3.128675447294020362e+00
3.127432420554972836e+00
3.127046007211634393e+00
3.127464119351317962e+00
3.128534873596529930e+00
3.130082741827813653e+00
3.131942436589230550e+00
3.133948695821365149e+00
3.135961707262221232e+00
3.137884934051608177e+00
3.139655851891857807e+00
3.141241944083473570e+00
3.140574029687440039e+00
3.139474594731165080e+00
3.138749356021631076e+00
3.138504642039088743e+00
3.138804539835822194e+00
3.139689513679928101e+00
3.141171022395160328e+00
3.140011595463817251e+00
3.137652931433900783e+00
3.135149724851807207e+00
3.132728621624792709e+00
3.130652973833726982e+00
3.129165365024472401e+00
3.128425363095109546e+00
3.128537779866186863e+00
3.129482033766761262e+00
3.131103932338361595e+00
3.133143043968855679e+00
3.135271556064655130e+00
3.137210583402019193e+00
3.138766251198961577e+00
3.139807027507508508e+00
3.140236825077326266e+00
3.140067132014669582e+00
3.139452623918218777e+00
3.138591906642080875e+00
3.137673446941744881e+00
3.136855430320028670e+00
3.136213391664965489e+00
3.135782287536241331e+00
3.135589034841506528e+00
3.135578388237204361e+00
3.135652674590029942e+00
3.135717486205179316e+00
3.135701200121862264e+00
3.135578277590351792e+00
3.135346388536726980e+00
3.135035343374916739e+00
3.134720320716303466e+00
3.134430701098927408e+00
3.134140352216118419e+00
3.133813139617327437e+00
3.133455398538325110e+00
3.133158767757463714e+00
3.132980681557380631e+00
3.132876836173303925e+00
3.132867673054674729e+00
3.132999049918974599e+00
3.133287909541695448e+00
3.133775694151449631e+00
3.134475844055962135e+00
3.135351091413914659e+00
3.136313868977247843e+00
3.137244366722664157e+00
3.138057423692782510e+00
3.138690149777445537e+00
3.138959825797312142e+00
3.138717877867911898e+00
3.137928863908942212e+00
3.136595248844844086e+00
3.134843174207203376e+00
3.132904510857238645e+00
3.131004048540213525e+00
3.129361135801464133e+00
3.128164063252490745e+00
3.127568167152351197e+00
3.127653438096478222e+00
3.128365737691902293e+00
3.129566714829067564e+00
3.131131139798082774e+00
3.132846848938776407e+00
3.134516804241213705e+00
3.135926134043348856e+00
3.136880298649517673e+00
3.137288278826240617e+00
3.137196132022800121e+00
3.136685866334257167e+00
3.135835368384060295e+00
3.134753509927649784e+00
3.133615975579715052e+00
3.132585611712323193e+00
3.131765341546015602e+00
3.131206281344186770e+00
3.130896733083271322e+00
3.130808004364041608e+00
3.130950305219178276e+00
3.131295206341176751e+00
3.131768126937695129e+00
3.132269951795365159e+00
3.132677664389740269e+00
3.132931894447966048e+00
3.133034290134505628e+00
3.132964773640487532e+00
3.132677765678726800e+00
3.132234013724162214e+00
3.131761314976768684e+00
3.131366901802949521e+00
3.131097997857477111e+00
3.130993845525311681e+00
3.131050078535864589e+00
3.131248333952355800e+00
3.131572293575549004e+00
3.131963172499282244e+00
3.132365311736127200e+00
3.132752851644289738e+00
3.133052634986086993e+00
3.133225600441552405e+00
3.133276924550572939e+00
3.133202599485279016e+00
3.133004396935172409e+00
3.132679534053079973e+00
3.132262052726645596e+00
3.131838060040638361e+00
3.131484812344769608e+00
3.131235887759902248e+00
3.131056247372493218e+00
3.130860509798221170e+00
3.130573022020530338e+00
3.130137807923802029e+00
3.129550409521155707e+00
3.128898628054733067e+00
3.128300284566154943e+00
3.127823319112903899e+00
3.127508532694449173e+00
3.127415536016389108e+00
3.127656951437890243e+00
3.128357121212893777e+00
3.129516524113709064e+00
3.131033650496596099e+00
3.132734052046939333e+00
3.134361723798769983e+00
3.135660433510528033e+00
3.136401964620965988e+00
3.136462932632523959e+00
3.135835757936391577e+00
3.134534108248534068e+00
3.132682063885047885e+00
3.130538312363556841e+00
3.128358499593438591e+00
3.126359509069966069e+00
3.124761580344274758e+00
3.123671952119564832e+00
3.123072139692215199e+00
3.122962809731168576e+00
3.123318258015299609e+00
3.124027930097769801e+00
3.124934495473955298e+00
3.125930771002898734e+00
3.126988962547395445e+00
3.128105057802746281e+00
3.129238145426292306e+00
3.130363678172549680e+00
3.131487871537734335e+00
3.132606443310219646e+00
3.133639171653204158e+00
3.134492874962195419e+00
3.135088244128025448e+00
3.135297735524969820e+00
3.135016291590071003e+00
3.134172754740342182e+00
3.132724520276214175e+00
3.130729547244793132e+00
3.128365961463880129e+00
3.125859309957948362e+00
3.123451072733118394e+00
3.121417002862344692e+00
3.120018500060748323e+00
3.119426405268668656e+00
3.119688012331369276e+00
3.120808069723450817e+00
3.122701514970979808e+00
3.125152383863225580e+00
3.127867224926097478e+00
3.130513732754584666e+00
3.132844812059597750e+00
3.134658895970742432e+00
3.135800992770579221e+00
3.136240360486723500e+00
3.135974291715986517e+00
3.134979289731456564e+00
3.133361796580563130e+00
3.131382047172996064e+00
3.129282635157212944e+00
3.127163238420352709e+00
3.125130643770956063e+00
3.123371562934152301e+00
3.122028081499399477e+00
3.121145666500838800e+00
3.120741241296705937e+00
3.120780115172725910e+00
3.121211026800915000e+00
3.122014637223302636e+00
