4.156753966281234725e-04
1.871127810555217597e-02
3.885403519708574560e-02
2.673226939245332279e-02
7.664941037675898627e-03
1.217362097957075395e-02
2.860260342300413594e-02
3.100174588073267845e-02
1.859296642355234841e-02
1.259307957763966535e-02
1.660871841269107030e-02
2.763975073583557762e-02
2.927947830521870909e-02
1.807183151020841372e-02
1.007344164446977164e-02
1.873154981353819526e-02
3.263533273933050260e-02
2.887648303531942240e-02
1.044285148260404306e-02
7.785979294300249265e-03
