4.064414233104773899e-04
7.712153475327720997e-04
1.599690629055294799e-03
2.864196672577756786e-03
4.797635450645265642e-03
7.330356023160344847e-03
1.051624985555010827e-02
1.430331594079570223e-02
1.824213184319167791e-02
2.104975673384923418e-02
2.342875622314877226e-02
2.656528338883323848e-02
3.080863738896144621e-02
3.708673204370793730e-02
4.354568462420360664e-02
5.212105730568461492e-02
5.937654276119497254e-02
6.420543695068914314e-02
6.437479875780005578e-02
6.289592332840809874e-02
6.234457910225055244e-02
6.534726998050310875e-02
6.298736854252651174e-02
6.293084161440543056e-02
6.116550090189309952e-02
6.481084326317310129e-02
7.981777542799528558e-02
1.008879375846994941e-01
1.326612644170314104e-01
1.745921143274093978e-01
2.144376295659713438e-01
2.609605527849298001e-01
2.923981070312716701e-01
3.131137404453969708e-01
3.191207397887053654e-01
3.437455138130939281e-01
3.711875864295803851e-01
4.024954490147706343e-01
3.996992097578337955e-01
4.013761353951558197e-01
3.848005302813771733e-01
3.753428682280958162e-01
3.457182027515732781e-01
3.221315791632982650e-01
3.242597163198339683e-01
3.224878357909251037e-01
3.407821855626603780e-01
3.471205892368279811e-01
3.872241841070969137e-01
4.273405057555504927e-01
4.635666486335511260e-01
5.174426795197963891e-01
5.564040567713068874e-01
5.869691015736993034e-01
6.149056743636054367e-01
6.314560876954107282e-01
6.746089259030787488e-01
7.024446862367497157e-01
7.085188767133868692e-01
6.947290702753573521e-01
6.710338304688724387e-01
6.670294786633605977e-01
6.388118315683186665e-01
6.192738970421807210e-01
6.605809238458597576e-01
6.718677682031468645e-01
7.443214504388642183e-01
8.004558849351945948e-01
8.092614992570035248e-01
8.745175808614743529e-01
8.960680558631985981e-01
8.351453937138625383e-01
8.684682751359122932e-01
8.768587720886428238e-01
8.782027239829546250e-01
9.326561377609579040e-01
8.721864565496854071e-01
8.005235153162134631e-01
7.480102701076490890e-01
6.623383865697693995e-01
6.419489687323057803e-01
6.295835241062622822e-01
6.684679697097228868e-01
7.900980811275724047e-01
9.185246141436915757e-01
9.829778555925595684e-01
9.152102312361884984e-01
9.714210764528452557e-01
9.927711734204709426e-01
8.923465772357355164e-01
8.300246007811993287e-01
8.197683096838208616e-01
8.025478790119522365e-01
8.668957266243335624e-01
9.757141302404136463e-01
8.616752310970482442e-01
8.809540969783075104e-01
8.952546575998647782e-01
7.803409237038430035e-01
8.490208410790788252e-01
