3.141592653571425142e+00
3.141592653558346715e+00
3.141592653576813277e+00
3.141592653547453207e+00
3.141592653472565555e+00
3.141592653385041789e+00
3.141592653285527614e+00
3.141592653171380256e+00
3.141592653039039451e+00
3.141592652886224357e+00
3.141592652714822798e+00
3.141592652534152208e+00
3.141592652362918958e+00
3.141592652228813787e+00
3.141592652169232558e+00
3.141592652237495731e+00
3.141592652520873052e+00
3.141592653171668470e+00
3.141592652734620295e+00
3.141592650442256218e+00
3.141592646548874157e+00
3.141592640210358667e+00
3.141592630279851583e+00
3.141592615234410690e+00
3.141592593081944162e+00
3.141592561584496845e+00
3.141592518495693209e+00
3.141592461766043343e+00
3.141592390315578687e+00
3.141592304998057195e+00
3.141592209086680132e+00
3.141592109599498972e+00
3.141592014137416733e+00
3.141591935669800328e+00
3.141591885562645015e+00
3.141591873646107036e+00
3.141591907651088089e+00
3.141591985429246225e+00
3.141592089078298677e+00
3.141592181545235007e+00
3.141592215205229355e+00
3.141592119218048040e+00
3.141591806671106824e+00
3.141591205078921423e+00
3.141590245818869143e+00
3.141588893229545043e+00
3.141587162808699762e+00
3.141585143406809610e+00
3.141583001948136999e+00
3.141581038163223649e+00
3.141579718581350988e+00
3.141579515340945594e+00
3.141580890526810776e+00
3.141584318197583325e+00
3.141590222611904792e+00
3.141586641149572312e+00
3.141575927933142331e+00
3.141563427138847953e+00
3.141550142356757558e+00
3.141537718991288752e+00
3.141528186270692302e+00
3.141523368932250371e+00
3.141525287218362550e+00
3.141535895672156631e+00
3.141556240879167738e+00
3.141586420047406403e+00
3.141559901369453733e+00
3.141514505779463562e+00
3.141466598107180985e+00
3.141420925255471897e+00
3.141383556832970658e+00
3.141360682019602724e+00
3.141357300965210264e+00
3.141378018332551036e+00
3.141426044709894949e+00
3.141501126844586267e+00
3.141585057485397847e+00
3.141468225837377393e+00
3.141341586015360843e+00
3.141215051594516527e+00
3.141105619764379853e+00
3.141033010590741359e+00
3.141010608509783530e+00
3.141045735362359537e+00
3.141145212063370273e+00
3.141310572964350012e+00
3.141522920729638457e+00
3.141414420716669209e+00
3.141147789169291826e+00
3.140895028177784543e+00
3.140688209759418648e+00
3.140553468473767929e+00
3.140508733539176145e+00
3.140564028243298278e+00
3.140727741638096759e+00
3.140992931468636673e+00
3.141349561974414506e+00
3.141416068318988675e+00
3.140968987388675693e+00
3.140533681253443454e+00
3.140187621114304495e+00
3.139973680598072470e+00
3.139908399280728624e+00
3.140023588019916989e+00
3.140323387325801630e+00
3.140763177411884044e+00
3.141318708305035567e+00
3.141240285669636201e+00
3.140584357143821670e+00
3.139956245183579409e+00
3.139452977621328245e+00
3.139131106229458457e+00
3.138968974789905442e+00
3.138973898172177535e+00
3.139167565029988616e+00
3.139552676637672235e+00
3.140113487811011961e+00
3.140791016840095651e+00
3.141545465687873406e+00
3.140872946512988761e+00
3.140169814903835288e+00
3.139583110541541267e+00
3.139158227625509223e+00
3.138929660285554757e+00
3.138912088775094755e+00
3.139127610870504625e+00
3.139566625884674167e+00
3.140158598379618748e+00
3.140853926601292478e+00
3.141534349611349697e+00
3.140657215522740131e+00
3.139760005502727491e+00
3.138919549479855853e+00
3.138221877324593567e+00
3.137730742050235833e+00
3.137496206124155140e+00
3.137530636760543779e+00
3.137862495800936458e+00
3.138503780139887844e+00
3.139422904287862526e+00
3.140561541738242646e+00
3.141360219869813175e+00
3.140040937003205634e+00
3.138763782155397752e+00
3.137685730598140044e+00
3.136943310423036646e+00
3.136617124992501449e+00
3.136754119394550955e+00
3.137336780776348810e+00
3.138310373535851738e+00
3.139620646927838710e+00
3.141189825525086743e+00
3.140314624825257361e+00
3.138678275316962196e+00
3.137222752708893392e+00
3.136070612908260724e+00
3.135340964729328217e+00
3.135118422710364339e+00
3.135430941939727045e+00
3.136236488842909509e+00
3.137487785025703690e+00
3.139087577179817234e+00
3.140886830545290387e+00
3.140444798180830777e+00
3.138684932664618010e+00
3.137164522229880070e+00
3.136000399628381619e+00
3.135303560995398087e+00
3.135171448270976935e+00
3.135625537871375546e+00
3.136616490277752245e+00
3.138031486450707064e+00
3.139758819160082037e+00
3.141517845139508047e+00
3.139617330026837294e+00
3.137897208193935583e+00
3.136491598662305869e+00
3.135493056810944257e+00
3.134977542089151026e+00
3.135020841524482016e+00
3.135643935129811766e+00
3.136812120862171760e+00
3.138444038549722759e+00
3.140446101534706269e+00
3.140537886676686430e+00
3.138369716103228235e+00
3.136424914896176919e+00
3.134842846355111234e+00
3.133737993972272928e+00
3.133211397781017649e+00
3.133336169580571706e+00
3.134098849844250800e+00
3.135391423625147223e+00
3.137052941438403408e+00
3.138967260477841137e+00
3.141016511967896108e+00
3.140220884303301485e+00
3.138549244885274536e+00
3.137254803387297120e+00
3.136451638911071704e+00
3.136220774493412300e+00
3.136543786278430890e+00
3.137341150204348672e+00
3.138569783874679331e+00
3.140151163156951419e+00
3.141272969093348966e+00
3.139519338977382557e+00
3.137904214989794216e+00
3.136510609932194438e+00
3.135481391994212608e+00
3.134912929385022640e+00
3.134801939379663338e+00
3.135119706056216593e+00
3.135831261033455331e+00
3.136846557333782481e+00
3.138079508987661637e+00
3.139407222409644760e+00
3.140650618962584684e+00
3.141465246883145657e+00
3.140636995669675358e+00
3.140095372550911090e+00
3.139832481273722831e+00
3.139865260784727941e+00
3.140222153124364812e+00
3.140829502063538392e+00
3.141590212005821670e+00
3.140728965010559648e+00
3.139846232977546947e+00
3.139057416320626182e+00
3.138483810514673955e+00
3.138125300752907521e+00
3.137967826661311133e+00
3.137984798568840716e+00
3.138114381059391444e+00
3.138307907464289670e+00
3.138511783687827794e+00
3.138674750782746603e+00
3.138778421116701800e+00
3.138856339814722674e+00
3.138954455604345828e+00
3.139022915188266705e+00
3.139016770695016501e+00
3.138993586486228171e+00
3.138999239930198026e+00
3.139059332509380518e+00
3.139161462555981164e+00
3.139292207114806832e+00
3.139449830457141655e+00
3.139643905934158319e+00
3.139877594084875323e+00
3.140118809913126530e+00
3.140340628056401240e+00
3.140501120340461583e+00
3.140561685434018813e+00
3.140500110881510487e+00
3.140282832202478502e+00
3.139919925296157821e+00
3.139483529263685568e+00
3.139055658108735880e+00
3.138643007794058803e+00
3.138223299059862637e+00
3.137816337789267607e+00
3.137497721548386131e+00
3.137370817902062736e+00
3.137452734738788163e+00
3.137667452501915921e+00
3.138040614429390640e+00
3.138573803482225699e+00
3.139183326058276879e+00
3.139798117267396549e+00
3.140295639617130874e+00
3.140601976730960310e+00
3.140815842760730447e+00
3.140929944802827389e+00
3.140872951795637746e+00
3.140664293984420041e+00
3.140323306031573392e+00
3.139853231588998650e+00
3.139308451090002006e+00
3.138775945480350771e+00
3.138306673475080633e+00
3.137932765348396824e+00
3.137601992785409077e+00
3.137263282951724630e+00
3.136930445833440384e+00
3.136723133579339517e+00
3.136737839600459044e+00
3.136901309357272183e+00
3.137079172528436377e+00
3.137274393840391973e+00
3.137533014909266615e+00
3.137754838556598980e+00
3.137834851496098310e+00
3.137884713276974491e+00
3.137956023666439442e+00
3.137978665270638956e+00
3.137936378112583302e+00
3.137869946981819869e+00
3.137772357570967063e+00
3.137601869165246971e+00
