2.661050385339530340e-05
1.135222021005734811e-05
5.493036185790368519e-05
1.046953253750305209e-04
1.612768464291604233e-04
2.257526755026926168e-04
2.999912003523540053e-04
3.867975009381294411e-04
4.897420199042337935e-04
6.126941101156459842e-04
7.592446885177278138e-04
9.322543217947739692e-04
1.133677487436287983e-03
1.364652588335984584e-03
1.625687623699822700e-03
1.916769122221981909e-03
2.237181327962589356e-03
2.584957941871287700e-03
2.956035343283243931e-03
3.343317082672088523e-03
3.735940022933373177e-03
4.119063248709798480e-03
4.474256976396098762e-03
4.780472615658483415e-03
5.015522547359358915e-03
5.158035437180344927e-03
5.189901110972793691e-03
5.099168618811487572e-03
4.883072149527508017e-03
4.550626363359042831e-03
4.123698420324491652e-03
3.637969146921698777e-03
3.141169487464795605e-03
2.690662093435335338e-03
2.348840882778171352e-03
2.176890045532384188e-03
2.227472549051497282e-03
2.537425729241009863e-03
3.122064365259538243e-03
3.973287900902896380e-03
5.053800370286313549e-03
6.300467912432008988e-03
7.626240373813420598e-03
8.926563926852499470e-03
1.008913769472958091e-02
1.100522574641885076e-02
1.158113847957402756e-02
1.174886190222540309e-02
1.147490945689470104e-02
1.076712754486381339e-02
9.678286263094580330e-03
8.304129242390306115e-03
6.775778818809905825e-03
5.246654760804129666e-03
3.878215446674414865e-03
2.822425158033849395e-03
2.206192936183440714e-03
2.116388165207716728e-03
2.589197448486155011e-03
3.606847022355528717e-03
5.099196740371821426e-03
6.951115220122491313e-03
9.013254369725959975e-03
1.111570416222657301e-02
1.308485303402558836e-02
1.476048335152092654e-02
1.601112153386145473e-02
1.674520670973734388e-02
1.691652903292161989e-02
1.652362052521967259e-02
1.560813574030882681e-02
1.425314937057048197e-02
1.257880450322695909e-02
1.073333396122570609e-02
8.879961644520059302e-03
7.182448942271608093e-03
5.792342101667488467e-03
4.838892298936934254e-03
4.420740452019034442e-03
4.598745770964749943e-03
5.384643092834313742e-03
6.734816534784860732e-03
8.552615791627245917e-03
1.069693833493329596e-02
1.299597301700111500e-02
1.526038933505158290e-02
1.730012475707619693e-02
1.894013670506758049e-02
2.003628517144783600e-02
2.049555649353461753e-02
2.028988171182629849e-02
1.945721300132858059e-02
1.809705448564358568e-02
1.636052179377174912e-02
1.443357188542515428e-02
1.251866517399890036e-02
1.081296744423023218e-02
9.487454918631463632e-03
8.668751363383053396e-03
8.426226572429121667e-03
8.768245507529210531e-03
9.646794705991236160e-03
1.096610654691505468e-02
1.259639098358555226e-02
1.438812674534546698e-02
1.618544540074830923e-02
1.784115380574118059e-02
1.922986244767315583e-02
2.025731562541424266e-02
2.086733981169769381e-02
2.104537151737392170e-02
2.081291907771257860e-02
2.022637847601041830e-02
1.937147963920156715e-02
1.835417710343118999e-02
1.729164508036099696e-02
1.629997493126021657e-02
1.548037828005563096e-02
1.491043830710913828e-02
1.463714191423174348e-02
1.467709085797975523e-02
1.501791594801612714e-02
1.561965174601852302e-02
1.641903641570477759e-02
1.733682704627994078e-02
1.828518347910504382e-02
1.918034847930738529e-02
1.995066799740454963e-02
2.054336495184658912e-02
2.093023626737962675e-02
2.110863221431439479e-02
2.109752268635174677e-02
2.093250284250756932e-02
2.066365845368322435e-02
2.035299051885939431e-02
2.006395428730056024e-02
1.985078401440636131e-02
1.975101555073178333e-02
1.978204338818637803e-02
1.994086432081750362e-02
2.020885687237642184e-02
2.055917930509425576e-02
2.095950406542346905e-02
2.137252175592476225e-02
2.175933698428654528e-02
2.208837842609046725e-02
2.234015250354257770e-02
2.250904340214491400e-02
2.259890907148025957e-02
2.261766994602568137e-02
2.257599889076850400e-02
2.248913152960781495e-02
2.237991032232556840e-02
2.227639993866354501e-02
2.220702311618098779e-02
2.219714290731483394e-02
2.226328051367975486e-02
2.241091514310282820e-02
2.263784869006381373e-02
2.293628462322707881e-02
2.329282131522154159e-02
2.368976152096661028e-02
2.410948387854314548e-02
2.453263531475002868e-02
2.493696774901906291e-02
2.531233462811086771e-02
2.565412330209689701e-02
2.596120880036649828e-02
2.623204907152225721e-02
2.646147014677876705e-02
2.663990904194509998e-02
2.675361758325438266e-02
2.679288480789453197e-02
2.675042179023506828e-02
2.661802767359480737e-02
2.639077785021985006e-02
2.607022126847124976e-02
2.567219549175841359e-02
2.522902217818632012e-02
2.479062995912333783e-02
2.441469549060439753e-02
2.416621383829535216e-02
2.410754563132185002e-02
2.429145821861503074e-02
2.475560571730042389e-02
2.551217944501418811e-02
2.653802730108001037e-02
2.777531538709364714e-02
2.913706582493161279e-02
3.051175272290162707e-02
3.177769563788691159e-02
3.281375497935604818e-02
3.351185129457184136e-02
3.379012193706882466e-02
3.360673492559059644e-02
3.296583973669868495e-02
3.191897057194023613e-02
3.056398574481319214e-02
2.902569851374648194e-02
2.745285660817840118e-02
2.600620154699007092e-02
2.483989888370349147e-02
2.408357827372859319e-02
2.382711055890480989e-02
2.411781029904819240e-02
2.495586754867343965e-02
2.629055177325792872e-02
2.803136044126623705e-02
3.004808848607782440e-02
3.218874850144688021e-02
3.428885075725683629e-02
3.618252041891554388e-02
3.771987754482310912e-02
3.877935465578068175e-02
3.927864559807207889e-02
3.917957894890820164e-02
3.849080475773835469e-02
3.726959346054112970e-02
3.561944787508807692e-02
3.368187961846124540e-02
3.161900412220990803e-02
2.960774153883419246e-02
2.782553675288618536e-02
2.643640229338322864e-02
2.557827530409453529e-02
2.534983164734487884e-02
2.580117769559148871e-02
2.693024995629172275e-02
2.866678026911618701e-02
3.088441899763844437e-02
3.341865382075088348e-02
3.606370872410236822e-02
3.859865686987058037e-02
4.080766718672713261e-02
4.250270232301687351e-02
4.354128886702100798e-02
4.384236348512499104e-02
4.339059503479709284e-02
4.223990513964356180e-02
4.051432236118739094e-02
3.839751819992485993e-02
3.609660045491872721e-02
3.383342094830568691e-02
3.181837583061278979e-02
3.023171920978261901e-02
2.921024605735530327e-02
2.883444852527708435e-02
2.912854987110245417e-02
3.006078165873409674e-02
3.154652467356108825e-02
3.345428273862784130e-02
3.562153684345933241e-02
3.787304266879067821e-02
4.003730276288776369e-02
4.195751472949289795e-02
4.350036033181182982e-02
4.456343870993931255e-02
4.508299864063167878e-02
4.504393984008431273e-02
4.448109293613165816e-02
4.347182061152754518e-02
4.212663635239710658e-02
4.057893323993468082e-02
3.897695045283822157e-02
3.746949621393581148e-02
3.619464321136710988e-02
3.526796790734381543e-02
3.477128698198250767e-02
3.474372052073888828e-02
3.517957493267927921e-02
3.603160464435069266e-02
3.721413375158866971e-02
3.861662698692364809e-02
4.010948962955675906e-02
4.156298119744333136e-02
4.286078684715084741e-02
4.390890451472225647e-02
4.464331189354600604e-02
4.503261719183853512e-02
4.508159333428236881e-02
4.483210343173361229e-02
4.435637612470909319e-02
4.374518451339309139e-02
4.309447769370990805e-02
4.248949962331409480e-02
4.200171083218515178e-02
4.168529946383052465e-02
4.156913986685117912e-02
4.165415631346281594e-02
4.191237711377569786e-02
4.229929412735486394e-02
4.276205332150668365e-02
4.324604151922180340e-02
4.369915993191107739e-02
4.407451982793327006e-02
4.434296106753818356e-02
4.449351338858616167e-02
4.453716550109531463e-02
4.449161939913662961e-02
4.439644774715403863e-02
