8.841867377346602774e-01
9.085156061462708044e-01
9.117119897808362294e-01
8.736842697787130518e-01
9.023662981377263970e-01
8.968966678319250097e-01
8.862945334674700026e-01
8.822733698774585243e-01
8.819981176113522725e-01
9.198887302439852087e-01
8.821331085453048004e-01
9.053226730648801235e-01
8.712081262576086838e-01
8.826769276549362164e-01
8.991379491203079777e-01
8.636600661315524396e-01
8.980247988147188609e-01
9.260627663995196768e-01
8.818933621946820622e-01
9.057917008750526744e-01
9.156152407564394080e-01
9.217313940325736477e-01
9.117036710649965014e-01
8.921278226481222928e-01
8.927569338985674730e-01
9.096034884987204139e-01
8.863741610139019844e-01
8.898971312964158997e-01
8.703141783498673512e-01
8.774688318207439774e-01
8.906881443170868717e-01
9.139739026108626430e-01
8.784341413807033039e-01
9.160283578554415662e-01
9.085947090646089297e-01
8.850203950464646807e-01
8.892297083680338332e-01
8.991592461173117945e-01
9.054295288333094049e-01
8.845175879374292949e-01
8.965595597489132151e-01
9.110464540893505880e-01
8.929109732103969188e-01
8.940936878670798782e-01
9.151582044995232312e-01
8.892573721604618564e-01
8.923645399319033444e-01
8.783053605957090726e-01
9.017114967827754013e-01
8.937087633074048965e-01
9.143557672673365833e-01
9.116274841620785052e-01
9.027311427005112465e-01
8.817461286981403967e-01
8.967084364696915610e-01
9.025845192047572407e-01
8.906014092067804366e-01
8.928356814594291535e-01
8.943852595107784076e-01
9.075289127924475174e-01
8.704485255888100292e-01
8.990525918090808144e-01
8.798686706941918345e-01
8.867056563143932424e-01
8.831853881514817317e-01
8.834754759002587665e-01
8.890976004118513742e-01
9.127583292596415099e-01
8.740808785614097021e-01
9.155423607779318296e-01
9.043589602087941381e-01
9.034364031532402528e-01
9.206569136967478473e-01
9.230123722067481440e-01
8.863738030416739022e-01
9.034293532208006461e-01
8.799854677771069555e-01
8.900359117439982093e-01
8.961623759835219971e-01
8.865293320398959231e-01
8.897464874442946314e-01
8.863796227177965781e-01
9.017184554476399549e-01
8.863848012292547818e-01
8.765022019435766421e-01
8.826768892491355656e-01
8.781750571196837996e-01
8.883853114829239894e-01
9.062205040805613177e-01
9.011588318832066680e-01
9.033133460608198106e-01
8.833326642951995211e-01
8.768000803651748720e-01
8.799537452493648715e-01
8.706826616611504921e-01
8.947936052479298352e-01
8.959263115977587066e-01
8.987018589647561839e-01
8.707076006640352972e-01
8.909221270701607187e-01
