-3.063155026126056918e-02
-2.727149954073123522e-02
-3.740879700198841695e-02
-3.785181205034016810e-02
-3.750222933343062143e-02
-2.863710733987730878e-02
-3.343230115516747369e-02
-3.902830812262025884e-02
-3.636117337929395399e-02
-3.225030218205515720e-02
-5.628609035795845844e-02
-3.994011922051683011e-02
-6.206050695344252077e-02
-6.791791018434462091e-02
-6.649738675600576354e-02
-8.448408865855575045e-02
-8.603310556415114108e-02
-7.706732511693607790e-02
-1.060767629000351903e-01
-1.002251653662192682e-01
-1.165094673892541205e-01
-1.272491951834016644e-01
-1.336677408476454609e-01
-1.322710126887654547e-01
-1.250330431873067916e-01
-1.291687511404312205e-01
-1.130785720038535169e-01
-1.094222620529634871e-01
-1.047737599401305925e-01
-8.409808138089475138e-02
-6.989067660312911490e-02
-4.332375223608476295e-02
-4.092659392576481620e-02
-3.667772419883269519e-02
-3.784565793097136727e-02
-4.655630003212687246e-02
-6.079401654671942601e-02
-7.690115848498632611e-02
-1.038390271976563778e-01
-1.300078764297129819e-01
-1.267393186285008799e-01
-1.341415432893741655e-01
-1.270073798733398485e-01
-1.016263949513705744e-01
-7.559125029357326164e-02
-6.378794687748970405e-02
-4.678620104957302572e-02
-3.587878071115147699e-02
-4.668137584682351127e-02
-6.574884338299813447e-02
-7.660823103590122529e-02
-1.036697734806412002e-01
-1.279645164533136648e-01
-1.439633647504598712e-01
-1.122326334201229348e-01
-9.074725062105899742e-02
-5.541479568094455355e-02
-4.008869710755620652e-02
-4.050771645727635484e-02
-4.986809603049911083e-02
-8.313725885019736250e-02
-1.140682200120996803e-01
-1.356639688158896573e-01
-1.350423853420592013e-01
-9.956938061917053329e-02
-6.141062732961120180e-02
-3.806322996409033238e-02
-3.060242322332987555e-02
-7.086159318506370097e-02
-8.127316282717091112e-02
-1.258534088420936170e-01
-1.216209467080688333e-01
-9.401960341005451138e-02
-5.672070661263352298e-02
-4.019044660236265748e-02
-4.308703005684216825e-02
-7.203864843708611410e-02
-1.063688840021953380e-01
-1.245972974476876466e-01
-1.250029354663148018e-01
-9.236409432653991392e-02
-5.629606134288109298e-02
-3.595590682920080799e-02
-6.544240494056431656e-02
-1.127957874606025507e-01
-1.327443066825944595e-01
-1.109982514539646081e-01
-7.101210815631088524e-02
-3.516227170514540923e-02
-4.163495753099234059e-02
-8.818302578691948612e-02
-1.227141425800769708e-01
-1.303977616493961766e-01
-8.159013877531257064e-02
-4.800613869916554172e-02
-4.176547066924186230e-02
-7.859151885930507064e-02
-1.203063279368226240e-01
-1.282567367292324068e-01
-7.518355343325268392e-02
