6.832639765739441096e+00
1.376042425632476807e+01
2.086536765098571777e+01
2.824816894531250000e+01
3.571530254284540717e+01
4.344324710766474595e+01
5.132042661110560289e+01
5.917082712252934584e+01
6.725119638840357084e+01
7.543754826784133627e+01
8.375595539013544055e+01
9.227751124699911145e+01
1.010212380448977143e+02
1.099328271508216801e+02
1.190769668261210086e+02
1.282695256352424735e+02
1.379850695331891473e+02
1.476088759223620173e+02
1.572891635298728943e+02
1.671497367858886776e+02
1.771855584581693108e+02
1.874839344620704651e+02
1.979049915750821356e+02
2.084159071723620116e+02
2.191496626734733582e+02
2.302776727755864385e+02
2.414241892854372793e+02
2.525676966309547424e+02
2.639128804683685416e+02
2.755420890808105696e+02
2.873186876416206132e+02
2.991521839459737180e+02
3.112202180981636275e+02
3.240254309415817033e+02
3.363289512038230669e+02
3.489112956523895264e+02
3.616820992231369019e+02
3.746456396420796864e+02
3.876820193847020732e+02
4.009047157009442799e+02
4.143484198848406663e+02
4.278280113975206973e+02
4.415356715361277224e+02
4.554575459639231099e+02
4.694078623135884527e+02
4.835829606016476987e+02
4.979222375512123335e+02
5.124812263250350952e+02
5.273407930175463889e+02
5.421976508498191833e+02
5.572077649037042875e+02
5.723930127580960061e+02
5.881568284074465964e+02
6.037182847619056929e+02
6.193691507856051430e+02
6.352704826633136008e+02
6.513452319502830505e+02
6.676390945672989119e+02
6.840219206412633639e+02
7.005836349248886563e+02
7.172213624755542014e+02
7.339238496263822071e+02
7.509698342005411860e+02
7.681981816411018826e+02
8.297795851389566906e+02
8.521263659675915960e+02
8.712877753774324674e+02
