0.000000000000000000e+00
-8.326672684688674053e-17
-3.053113317719180486e-16
0.000000000000000000e+00
0.000000000000000000e+00
0.000000000000000000e+00
0.000000000000000000e+00
-2.775557561562891351e-17
-8.326672684688674053e-17
2.775557561562891351e-17
-1.387778780781445676e-16
0.000000000000000000e+00
2.775557561562891351e-17
2.775557561562891351e-17
2.775557561562891351e-17
-2.775557561562891351e-17
0.000000000000000000e+00
-2.775557561562891351e-17
1.665334536937734811e-16
1.942890293094023946e-16
-1.942890293094023946e-16
0.000000000000000000e+00
5.551115123125782702e-17
-2.775557561562891351e-17
1.110223024625156540e-16
-2.775557561562891351e-17
2.775557561562891351e-16
0.000000000000000000e+00
-2.220446049250313081e-16
1.110223024625156540e-16
0.000000000000000000e+00
-8.326672684688674053e-17
4.163336342344337027e-16
2.220446049250313081e-16
5.551115123125782702e-16
0.000000000000000000e+00
1.387778780781445676e-16
8.326672684688674053e-17
3.053113317719180486e-16
3.885780586188047891e-16
8.881784197001252323e-16
5.551115123125782702e-16
1.693090112553363724e-15
1.859623566247137205e-15
3.136380044566067227e-15
5.329070518200751394e-15
5.828670879282071837e-15
7.993605777301127091e-15
1.126876369994533889e-14
1.870725796493388771e-14
2.794986464493831591e-14
4.574118861455644947e-14
6.808442698513772484e-14
9.744982598647311534e-14
1.456612608308205381e-13
2.048083924677257528e-13
2.700895063156849574e-13
4.083677840327482045e-13
5.868916463924733762e-13
8.596734435428743382e-13
1.433825280727774043e-12
2.572081436724715786e-12
3.484906807571519494e-12
5.076467024522912652e-12
8.136546991721615996e-12
1.532624027689166724e-11
2.820485511811909873e-11
4.266714759282308478e-11
5.783545864446182350e-11
8.805794982080783484e-11
1.405261740305974172e-10
2.016377620428499995e-10
3.101499890245662527e-10
4.562763777915535002e-10
7.167254567619352201e-10
1.125832010950844619e-09
1.768055396533796397e-09
2.628547962624239176e-09
4.227309557958136566e-09
7.220356063042387973e-09
9.756379842906781619e-09
1.640027197380433677e-08
2.871392471015532522e-08
4.491618171842404195e-08
6.349265588290187168e-08
9.922341268064904796e-08
1.633739822315405377e-07
2.508519903743344770e-07
3.871223988316518927e-07
5.949277838146471709e-07
8.684131798664118662e-07
1.246034077473368029e-06
1.886131094364085214e-06
2.643450213418718775e-06
3.920034923915460823e-06
5.549279949917940158e-06
1.087467660515484269e-05
1.955825512248154929e-05
2.513906222065265261e-05
3.374127816804795010e-05
