9.997482217499826795e-01
9.997446506811029643e-01
9.997875515620074927e-01
9.998437303780982610e-01
9.998767369651133663e-01
9.999118769531869511e-01
9.998960841687714041e-01
9.999042870800509686e-01
9.999083540135214054e-01
9.999048045074993007e-01
9.999001808890561893e-01
9.999027326515614877e-01
9.999077383377691364e-01
9.999017380866335181e-01
9.998919247344276728e-01
9.998997995544818274e-01
9.998965381640949612e-01
9.998929017745793457e-01
9.998901755659379553e-01
9.998944404038809797e-01
9.998892020458446384e-01
9.998729080227953814e-01
9.998785893459271046e-01
9.998818830283840997e-01
9.998792643577356642e-01
9.998751255015763117e-01
9.998785617324630337e-01
9.998765258652493326e-01
9.998759384857505150e-01
9.998768169732942246e-01
9.998774192604302780e-01
9.998757738434188580e-01
9.998735788795960477e-01
9.998732154783520620e-01
9.998676610523816732e-01
9.998684891044136158e-01
9.998630375653805302e-01
9.998666084388991848e-01
9.998665123550571909e-01
9.998665444537965241e-01
9.998634155548682401e-01
9.998594123628524732e-01
9.998561548259061738e-01
9.998551213698519957e-01
9.998560416962705144e-01
9.998591563594504406e-01
9.998578369913458941e-01
9.998566504134207555e-01
9.998516456433712563e-01
9.998549155261725607e-01
9.998449692726105731e-01
9.998561482242767084e-01
9.998560465856796142e-01
9.998564480644358543e-01
9.998520715698817618e-01
9.998403532731876542e-01
9.998543286160772592e-01
9.998397500015445694e-01
9.998487765655417192e-01
9.998477785207506852e-01
9.998369640813469239e-01
9.998461180441317042e-01
9.998388604875021457e-01
9.998492068522337739e-01
9.998322951008200565e-01
9.998443922254786065e-01
9.998332753759591185e-01
