3.512573873397567548e-02
3.239895225679636365e-02
3.051106754390596476e-02
2.960959469428453561e-02
2.969315558501903554e-02
3.063475796087267167e-02
3.222314171276368516e-02
3.421173577129259930e-02
3.636556702496493432e-02
3.849643265924744540e-02
4.047710500038357445e-02
4.223036339862960148e-02
4.369988900149216621e-02
4.482160033129849175e-02
4.551417935372528006e-02
4.569470661128960387e-02
4.530619132498846929e-02
4.433804575986256824e-02
4.282997138218040678e-02
4.086603790860130619e-02
3.857104295218152096e-02
3.611255229654325438e-02
3.370144767195002583e-02
3.158240220520856789e-02
3.000679727061066060e-02
2.918955902083016085e-02
2.927103213837429010e-02
3.028608324159587362e-02
3.214787439115846662e-02
3.464851532771179993e-02
3.749330103048775092e-02
4.033088300779639340e-02
4.281262427588449632e-02
4.466648295101514204e-02
4.572416158565624500e-02
4.593434551420166878e-02
4.535819751684282836e-02
4.415171234766785552e-02
4.253399574624846385e-02
4.073980561681053714e-02
3.898651933510708517e-02
3.744766167794388867e-02
3.624099824685007853e-02
3.543492895144945143e-02
3.505782963616538989e-02
3.508958268796408958e-02
3.545861470615843669e-02
3.605249957496247520e-02
3.675441278380233573e-02
3.748320541782673709e-02
3.818015177811290295e-02
3.879485376080636649e-02
3.930720769466378856e-02
3.974638560669888077e-02
4.015595634256220736e-02
4.053731816155636131e-02
4.086624887878457374e-02
4.114090601090274885e-02
4.134127997492867412e-02
4.143114382172916055e-02
4.140141834845235957e-02
4.127571745542883003e-02
4.108462107615439007e-02
4.083509422646919990e-02
4.056425462661152753e-02
4.034465219177870571e-02
4.024076897566019467e-02
4.030112270923616458e-02
4.052338649558324263e-02
4.082944558152371700e-02
4.115210000258195250e-02
4.149638865718791730e-02
4.181998546291541830e-02
4.207065251878245454e-02
4.221994923119109372e-02
4.227955634115752870e-02
4.231550752473355742e-02
4.240248288857312309e-02
4.257820217046202199e-02
4.285967485996181742e-02
4.323326416833527669e-02
4.367506786699099780e-02
4.414203731161522176e-02
4.458069379724804993e-02
4.494795225803432243e-02
4.519949595151145916e-02
4.526768555746958633e-02
4.511167444191629960e-02
4.477007058704036979e-02
4.435030296320408710e-02
4.392319856138935524e-02
4.356260531294271071e-02
4.335703020424278714e-02
4.336722875996958798e-02
4.357550660639664120e-02
4.389581780059453181e-02
4.426920688455674574e-02
4.472024754400124452e-02
4.521266804379435456e-02
4.570376566566491244e-02
4.618344327584007064e-02
4.665422694889943128e-02
4.711876100167794457e-02
4.755081917739800712e-02
4.786530467751292511e-02
4.799127865609630061e-02
4.791482312218095507e-02
4.762876494849691694e-02
4.712559035406965746e-02
4.647978866252769348e-02
4.579535609123084466e-02
4.519179183704323532e-02
4.477436181345399724e-02
4.462040656609492922e-02
4.475418523622980149e-02
4.514668152552407665e-02
4.577349920977586556e-02
4.660198967180444185e-02
4.757298292505238863e-02
4.860874119567060864e-02
4.959631148623036556e-02
5.041882076051889400e-02
5.095958789662558691e-02
5.111407332449633550e-02
5.085926593561939518e-02
5.025535673966653044e-02
4.940550772356356451e-02
4.843672496811507466e-02
4.749636066508500926e-02
4.670027350221003098e-02
4.613032831162661856e-02
4.586227137316248315e-02
4.596298515029212384e-02
4.651901654386478985e-02
4.750966037092602817e-02
4.874159123521324549e-02
5.005784468904880130e-02
5.132772497780219156e-02
5.239717940960858522e-02
5.312459145394111959e-02
5.341606649856654732e-02
5.327496825872584524e-02
5.271028185580597936e-02
5.177787997755176064e-02
5.062785545716795566e-02
4.946966120774559661e-02
4.852115395986269369e-02
4.793412448513834079e-02
4.774571203336664543e-02
4.799619122962568013e-02
4.866207484473402539e-02
4.962016102010741170e-02
5.074472986336608232e-02
5.189899589683331232e-02
5.295600162678686107e-02
5.378515203376930259e-02
5.428601043668097870e-02
5.437985749173265132e-02
5.408904886542804935e-02
5.353101287388128959e-02
5.284247200909633624e-02
5.217469749715982624e-02
5.164617878671386858e-02
5.122489885616181293e-02
5.088196247556655422e-02
5.067159723204474331e-02
5.062689851584656342e-02
5.071154404120984532e-02
5.089420443832903818e-02
5.117091617208873594e-02
5.150606024267513627e-02
5.183474060991498378e-02
5.218109568696366329e-02
5.260809628229221740e-02
5.318249781036770568e-02
5.393061166626899466e-02
5.481578846829073676e-02
5.575922969904970744e-02
5.663722664366562659e-02
5.728593970128811885e-02
5.753548148341913748e-02
5.727067021080446685e-02
5.646070770394569921e-02
5.518431673688228845e-02
5.359439643441785139e-02
5.191162183148026465e-02
5.037395200512248539e-02
4.917977012277835458e-02
4.849221702175036952e-02
4.840783614245552924e-02
4.892797162000368794e-02
5.003293948346497488e-02
5.172198777597081937e-02
5.378709686775358378e-02
5.601321696245823573e-02
5.821682822385350342e-02
6.020299388949526542e-02
6.173210079468424011e-02
6.259266800916594986e-02
6.269676198871045048e-02
6.203971052382867973e-02
6.069120538899525769e-02
5.884800951456832518e-02
5.679331973988097082e-02
5.481356984038897318e-02
5.314642827201870173e-02
5.196816728844156491e-02
5.133102184857884359e-02
5.117018571170393187e-02
5.138331755142520191e-02
5.182723565057360121e-02
5.241764486408093116e-02
5.315204711474253579e-02
5.403846661296519277e-02
5.507654131753508125e-02
5.628317168353858674e-02
5.767004905853796021e-02
5.914720757344429231e-02
6.059547914557440740e-02
6.192148711959939017e-02
6.297761437146492947e-02
6.353967456787003310e-02
6.347286895060953726e-02
6.277926034814480805e-02
6.153778169505781659e-02
5.989128647490232771e-02
5.800856361256851584e-02
5.608978853912471862e-02
5.436779433350398538e-02
5.303580931990271169e-02
5.222656204527647422e-02
5.201869061925127463e-02
5.241302521565980449e-02
5.336947581461985030e-02
5.474385785011177258e-02
5.635560210535152381e-02
5.809899477942900847e-02
5.987210935631352704e-02
6.150063244396977713e-02
6.275243555152910935e-02
6.345783082373458728e-02
6.358382149432256769e-02
6.317821107379420487e-02
6.236131294743308545e-02
6.131745972792126964e-02
6.023263571883178541e-02
5.924082182549526149e-02
5.839028362427936547e-02
5.769349094841415282e-02
5.715547768471804235e-02
5.674640597517519036e-02
5.645708642735672994e-02
5.632325608976870845e-02
5.632241650988568243e-02
5.644192958077639405e-02
5.672035209720838883e-02
5.720895349115925899e-02
5.794873332239723618e-02
5.895449922397595632e-02
6.015587074398784373e-02
6.144723234037880594e-02
6.271874539137588245e-02
6.380323422767075758e-02
6.453749143095285912e-02
6.482717177173276391e-02
6.468205810298462144e-02
6.418767040538586599e-02
6.343611123564038556e-02
6.253040755837535603e-02
6.160684922319379503e-02
6.079991159124290001e-02
6.018563846093723940e-02
5.979287818004826865e-02
5.962237313616864515e-02
5.967425024673143202e-02
5.994000728224949809e-02
6.037267266419257122e-02
6.092236430328000496e-02
6.154028756952132501e-02
6.217891792659387823e-02
6.277555223695810427e-02
6.330958294180968893e-02
6.379919046301757435e-02
6.421043072206189528e-02
6.448102878109909786e-02
6.458754768407605484e-02
6.454923733222936444e-02
6.438654826489362271e-02
6.410069424506982527e-02
6.370747963645387313e-02
6.326759013749240490e-02
6.282268378554242694e-02
6.239103132739389629e-02
6.205217445772418655e-02
6.191402144660301810e-02
6.204862613852489550e-02
6.246105465897182352e-02
6.310464637476632943e-02
6.387598579045755676e-02
6.461114518400187801e-02
