3.129096799286815167e-02
2.700222695947473647e-02
3.826261195103614066e-02
3.889531870724600993e-02
3.731417161972323815e-02
2.958061056755924290e-02
3.571333043735092777e-02
4.148287994811123564e-02
3.702317174978193154e-02
3.193265649521726673e-02
5.764469558046599745e-02
3.965991412510593006e-02
6.423107033416301792e-02
6.888699056447640523e-02
6.617369162341064925e-02
8.551278459848007940e-02
8.830081195864947219e-02
7.642089058073738006e-02
1.069499943249104107e-01
1.000730675098684130e-01
1.175794150259402010e-01
1.278689224845014905e-01
1.339601703301962488e-01
1.334729162055304785e-01
1.263821207794335044e-01
1.301726664259667821e-01
1.147099612640181954e-01
1.119622217435237294e-01
1.055735871958222161e-01
8.566474818860375651e-02
7.259711188647460789e-02
4.414826045790360559e-02
4.059097435872437154e-02
3.775077415699853306e-02
3.868182352800742657e-02
4.722159783215317680e-02
6.149746198394233365e-02
7.715104803399631950e-02
1.024240935236422761e-01
1.322951557738490658e-01
1.259494035852248561e-01
1.352807700334013041e-01
1.281057436959551765e-01
1.018509929150424598e-01
7.532341227241838577e-02
6.461871250976618242e-02
4.908076048392348567e-02
3.486520428245996200e-02
4.718752844480462311e-02
6.653998775535753529e-02
7.627113824757622562e-02
1.038460205879965376e-01
1.274619079446918102e-01
1.463800927574394617e-01
1.115488085911478799e-01
9.165538497455291700e-02
5.646153592203296406e-02
4.254822235426187343e-02
4.190828592110953932e-02
5.085226200304424765e-02
8.400591799915592406e-02
1.150986936272447442e-01
1.373014809446725937e-01
1.357712561864224676e-01
9.851949879479748873e-02
6.132667697113101252e-02
3.911731644643074574e-02
3.108005998570378958e-02
7.206437476385717245e-02
8.008644397314129693e-02
1.264200405849183473e-01
1.227008364663042389e-01
9.338372105311702753e-02
5.640816205303354758e-02
4.098952280130848530e-02
4.294388084216269746e-02
7.460932178478688059e-02
1.057242307630030659e-01
1.235821410230291267e-01
1.251799353775240320e-01
9.439112018702741636e-02
5.849861266238853136e-02
3.507286375277651053e-02
6.602500126084731580e-02
1.158672455693946501e-01
1.335282059589694981e-01
1.115426604754325840e-01
7.160331061719368839e-02
3.518596549812559593e-02
4.226281557788199444e-02
8.836448541361820175e-02
1.236465840154602480e-01
1.318988503368895282e-01
8.286751594270938548e-02
4.857108851396329391e-02
4.137198783581889222e-02
7.848238860240000503e-02
1.219083658216196103e-01
1.298269387175804424e-01
7.560418527189588511e-02
