2.477009226283236054e-02
2.317565293087091652e-02
1.829491494197598919e-02
1.344403827228018468e-02
9.303936019803534310e-03
6.360952680249756276e-03
4.375782191211552603e-03
3.122214354627882941e-03
2.391204524489169182e-03
2.160867064321822083e-03
2.296484817487199140e-03
2.013559090515601360e-03
1.855105670662213170e-03
1.910271587714892439e-03
2.021096984546468661e-03
1.657670964765794357e-03
1.538381516707426101e-03
1.621768553024195876e-03
1.558671875379525566e-03
1.602613743472103671e-03
1.504609999145366337e-03
1.436467988356674797e-03
1.264825265540093190e-03
1.289411251525894369e-03
1.411328250812147848e-03
1.440907752166661806e-03
1.315020498033969178e-03
1.395134031984065484e-03
1.333481376435370147e-03
1.388427294493995183e-03
1.260701056414342087e-03
1.311647353673995675e-03
1.318495663278874139e-03
1.398611725413718152e-03
1.404393826889525909e-03
1.243933184303221140e-03
1.322190728587084108e-03
1.336169850281485093e-03
1.332222133218234064e-03
1.426147979887837543e-03
1.295527100252248220e-03
1.335090129372101721e-03
1.350339993924011116e-03
1.290745657627643140e-03
1.346682128794091148e-03
1.483838526598488467e-03
1.333503044865102290e-03
1.415330315548698516e-03
1.331117489677895172e-03
1.459746824901759794e-03
1.462590021013410136e-03
1.245769649459533331e-03
1.373261679421069721e-03
1.445153431771544535e-03
1.453346651469445338e-03
1.339279633323062256e-03
1.315670231509973856e-03
1.335927729184074658e-03
1.353324310645865301e-03
1.358532169560578871e-03
1.382638036588170263e-03
1.350602527493531069e-03
1.250912526667187800e-03
1.407793440197763939e-03
1.438718211777190257e-03
1.378564456270396773e-03
1.554157061624515408e-03
