-1.106060561688297383e+01
-1.101595283832040195e+01
-1.102794049477074623e+01
-1.105434651220351938e+01
-1.105679476977200082e+01
-1.105896418779688339e+01
-1.106479623035414939e+01
-1.107090065342773322e+01
-1.107022731645838043e+01
-1.107050963948248068e+01
-1.107002096474117714e+01
-1.106938583206868998e+01
-1.106877680347000847e+01
-1.107007139813811669e+01
-1.106950443353935398e+01
-1.106972106158670677e+01
-1.107118452215869553e+01
-1.107057310792708371e+01
-1.107032488740935783e+01
-1.107125302718982596e+01
-1.107050797258805908e+01
-1.106929347340366654e+01
-1.107069773382539779e+01
-1.107018957257046132e+01
-1.106976058155172637e+01
-1.107201290673138061e+01
-1.107153143827535935e+01
-1.107121483059668421e+01
-1.107064821296067691e+01
-1.107022395776227164e+01
-1.106938214102131823e+01
-1.106958445230734434e+01
-1.107228831255550361e+01
-1.107198503744878693e+01
-1.107055414387682646e+01
-1.107118044641964971e+01
-1.107115366368608811e+01
-1.106917853849781785e+01
-1.106947670073108725e+01
-1.107199669640546347e+01
-1.107158901594261025e+01
-1.107111840091664590e+01
-1.107094010037977938e+01
-1.107150838765934786e+01
-1.107000292145244380e+01
-1.106930588485009181e+01
-1.107133127393887051e+01
-1.107191643924218205e+01
-1.107088627357201283e+01
-1.107109061123277094e+01
-1.107126381134976434e+01
-1.107062209482607607e+01
-1.107056206313525237e+01
-1.107030215743218449e+01
-1.107124326668081338e+01
-1.107123652907226585e+01
-1.107089777750773507e+01
-1.107075284728135145e+01
-1.107111240795652662e+01
-1.107140363994668952e+01
-1.107028508066204076e+01
-1.107054337454628623e+01
-1.107137824626579636e+01
-1.107062432183359135e+01
-1.107020719936516784e+01
-1.107150353585264746e+01
-1.107159563938787272e+01
