1.529983956711824522e-01
1.430230429440164652e-01
1.322842891915221308e-01
1.219505521885381194e-01
1.132021849799305091e-01
1.070864583103360301e-01
1.043799051433518255e-01
1.054815796999389876e-01
1.103494989379092406e-01
1.184975997302463169e-01
1.290670681683516730e-01
1.408948429545417991e-01
1.526510883951179842e-01
1.629837595841682196e-01
1.706927384614176368e-01
1.749202073987794481e-01
1.752766263538750868e-01
1.718784830775899053e-01
1.652965632631898663e-01
1.564349676923985077e-01
1.463686663501460039e-01
1.361887543353889063e-01
1.268725168917620438e-01
1.192032666014624098e-01
1.137000727293194791e-01
1.106034282418456582e-01
1.099158767290637773e-01
1.114512422316428220e-01
1.148899730095764848e-01
1.198301327437714114e-01
1.258260558766766124e-01
1.324103892238426283e-01
1.391289600045516606e-01
1.455633564176026518e-01
1.513406418652374352e-01
1.561362295208762463e-01
1.596709465760490776e-01
1.617144301316432164e-01
1.621007190279462051e-01
1.607590236242849580e-01
1.577427954033929769e-01
1.532624650454855741e-01
1.476917630917115032e-01
1.415466282494550754e-01
1.354316208267045685e-01
1.299534559071277018e-01
1.256290262630588295e-01
1.228048407822078802e-01
1.216081470541726661e-01
1.219455824834373425e-01
1.235469078546036492e-01
1.260415136501068512e-01
1.290415371063430294e-01
1.322120255999975624e-01
1.353114141841598173e-01
1.381980552834275455e-01
1.408209927545024387e-01
1.431974948607256382e-01
1.453793828902486540e-01
1.474149018105290754e-01
1.493096030390677065e-01
1.509930841679777425e-01
1.523071361654806388e-01
1.530248285999170621e-01
1.529038424314310696e-01
1.517551017591047824e-01
1.494969696560575212e-01
1.461964767404118071e-01
1.420714193073130405e-01
1.374606154082952392e-01
1.327754396390623537e-01
1.284443791189198159e-01
1.248644127280637006e-01
1.223580353563986645e-01
1.211435952845278941e-01
1.213166623370590669e-01
1.228414352474838100e-01
1.255726323346320061e-01
1.292599841519975756e-01
1.335882929689179432e-01
1.382190721034575187e-01
1.428258570405068761e-01
1.471246212003175513e-01
1.508885624406528514e-01
1.539439511416361706e-01
1.561628830379170330e-01
1.574562593763073615e-01
1.577637937365933274e-01
1.570409927818350315e-01
1.552586345235658083e-01
1.524028639244087158e-01
1.485009449098394496e-01
1.436527648767299548e-01
1.380449256213046594e-01
1.319638099282702814e-01
1.257967472442199641e-01
1.200131208675024874e-01
1.151514268350255499e-01
1.117897382061722178e-01
1.104707098253507880e-01
1.115969501805227360e-01
1.153522726539074617e-01
1.216258405754825356e-01
1.299749725758579944e-01
1.396612315034486684e-01
1.497306345717255294e-01
1.591336685022942676e-01
1.668666959747315826e-01
1.721209303590807149e-01
1.743747641526910419e-01
1.734281808085492704e-01
1.693922174992765761e-01
1.626512833767916888e-01
1.538314032431590261e-01
1.437487404438817507e-01
1.333360291341122439e-01
1.235584647526619673e-01
1.153013886296245794e-01
1.092770371850672051e-01
1.059694560780932715e-01
1.056015164035615239e-01
1.081307246996182636e-01
1.132624700437926402e-01
1.204899125815128702e-01
1.291494822380722107e-01
1.384870124673142078e-01
1.477325259844229910e-01
1.561551170061132865e-01
1.631146107415043511e-01
1.681084959224634634e-01
1.707954671608171715e-01
1.709932476473196017e-01
1.686867417271004088e-01
1.640353898132773658e-01
1.573851803637237312e-01
1.492606315326300281e-01
1.403267486540465958e-01
1.313449495880897322e-01
1.230899515721453064e-01
1.162578557305103955e-01
1.114106601392642615e-01
1.089406034492919062e-01
1.090454202897542801e-01
1.117210733873277295e-01
1.167485603949521833e-01
1.236786257263329247e-01
1.318462417441536028e-01
1.404258376478491055e-01
1.485010005238374120e-01
1.552233550108397253e-01
1.599545780504094683e-01
1.623587279863569766e-01
1.624598070518082915e-01
1.605877133403470491e-01
1.572657834884051420e-01
1.530897330692311264e-01
1.486074886914721116e-01
1.442338013524535612e-01
1.402255505083944698e-01
1.367121430018307660e-01
1.337330823918123635e-01
1.312694146278480245e-01
1.292754681383099236e-01
1.277288674782988132e-01
1.266460808520425418e-01
1.260961390027824924e-01
1.261962954341705467e-01
1.270719462328981919e-01
1.288059296324822744e-01
1.313854818500036492e-01
1.346768001392724123e-01
1.384314006616746973e-01
1.423220716291053733e-01
1.459987786222949335e-01
1.491385569923933119e-01
1.514841507567377121e-01
1.528802570116363224e-01
1.532716288472069088e-01
1.527060684736804008e-01
1.513291373078019530e-01
1.493516981825641077e-01
1.470040802456975548e-01
1.444907171674181257e-01
1.419633430629594351e-01
1.395322446593850740e-01
1.372275234658550946e-01
1.349906522462170910e-01
1.327673098804172946e-01
1.305186595250330539e-01
1.282787787375001543e-01
1.261992587081748329e-01
1.245510561790267312e-01
1.236747274284455411e-01
1.239139228632505363e-01
1.255485005471803639e-01
1.287049809029711112e-01
1.333188889558806212e-01
1.391503838691314776e-01
1.457827405908312945e-01
1.526493315911144899e-01
1.590683832788720720e-01
1.642849037592200023e-01
1.675588018533764600e-01
1.682829283460064440e-01
1.661249972968331656e-01
1.611297601905292698e-01
1.537136147525465235e-01
1.446144442260449692e-01
1.348117014444784045e-01
1.253662079259567630e-01
1.172617156741720956e-01
1.113022443796641836e-01
1.080350238188784173e-01
1.077152978788079585e-01
1.103330270934489432e-01
1.156270365286223845e-01
1.231162522014567218e-01
1.321342308971649171e-01
1.418779711169577684e-01
1.514881545629015447e-01
1.601190367711015083e-01
1.670290778726755132e-01
1.716382337392320379e-01
1.735654757060813846e-01
1.726455935931245911e-01
1.689469873094553432e-01
1.627533979636217598e-01
1.545234363513114939e-01
1.449031250584000841e-01
1.347270952403439859e-01
1.249411749970695817e-01
1.164976882413923942e-01
1.102332666002802108e-01
1.067545181486814210e-01
1.063650299349976347e-01
1.090836445214813377e-01
1.146091345803036399e-01
1.223491851962855703e-01
1.315344293887532601e-01
1.412781020805998766e-01
1.506697248063834094e-01
1.588566962911712732e-01
1.651277524968298716e-01
1.689462628703477520e-01
1.699798922885090713e-01
1.681734609818584802e-01
1.637740474887589004e-01
1.573142417511508295e-01
1.495560134565280253e-01
1.414001006629251878e-01
1.337678155223296361e-01
1.274373612376776821e-01
1.229273794172901502e-01
1.204462401989175868e-01
1.199121107281975185e-01
1.210108448949639426e-01
1.233029338955101695e-01
1.263416905661374212e-01
1.297486532382040592e-01
1.332664477663861868e-01
1.367697728970569404e-01
1.402234036555112251e-01
1.435901195237272443e-01
1.467893032800983155e-01
1.496942228722695223e-01
1.521559081441404837e-01
1.540014470172631489e-01
1.550399215289725019e-01
1.551191198888179912e-01
1.541424331791384494e-01
1.521060185009441845e-01
1.491399419004685312e-01
1.454435108898680662e-01
1.412821049276588026e-01
1.370191381482559478e-01
1.329722161185704632e-01
1.294875464610990567e-01
1.268765857079969805e-01
1.253367242014635785e-01
1.249763455407272295e-01
1.257924241680143940e-01
1.276690486557041648e-01
1.303666429676059169e-01
1.335871610734850057e-01
1.370163973246879552e-01
1.403362369657127351e-01
1.432839609343428133e-01
1.456876589008928580e-01
1.474936636214546626e-01
1.487633985353105093e-01
1.496368246184498485e-01
1.502867046700707698e-01
1.507920939477707112e-01
1.511090848926152086e-01
1.510901294696995745e-01
1.504856173567518107e-01
1.490350278439674936e-01
1.465833066775392712e-01
1.431508287210194741e-01
1.389346311965381497e-01
