9.980590997229958905e-01
9.983740248580043053e-01
9.990478966479631184e-01
9.993705593362808282e-01
9.995451076654899847e-01
9.995501638811404854e-01
9.995861746297054484e-01
9.995884165518400533e-01
9.996216230606247422e-01
9.995814888253578001e-01
9.995883652608624770e-01
9.996004501349713411e-01
9.995832803680286816e-01
9.996000669459329524e-01
9.995781344598144713e-01
9.995987060423368042e-01
9.995830809865924316e-01
9.995870850229521265e-01
9.995728907744878544e-01
9.995590874607555021e-01
9.995755292322372476e-01
9.995514148944811827e-01
9.995363877775532702e-01
9.995554657072468485e-01
9.995714318654759234e-01
9.995518035345971608e-01
9.995446418090535579e-01
9.995529190522467466e-01
9.995514849597957330e-01
9.995492516677257910e-01
9.995393266406489285e-01
9.995367014720626386e-01
9.995640578619792160e-01
9.994734680943191396e-01
9.995010797623913312e-01
9.995165752503676337e-01
9.995026670670746904e-01
9.995278760061669932e-01
9.994073065770988640e-01
9.995102920040574990e-01
9.994807517370338790e-01
9.994514891414825186e-01
9.994340864261608282e-01
9.993748900526051582e-01
9.994211626982909547e-01
9.993268298168612729e-01
9.994559607552395697e-01
9.993248684599773668e-01
9.994174851757167133e-01
9.994105834771128682e-01
9.992579593913163416e-01
9.995107251449348862e-01
9.995015381084804140e-01
9.994601874109938500e-01
9.994494310866616216e-01
9.993968328081677122e-01
9.994641242315097651e-01
9.994421497757532968e-01
9.993828561486237660e-01
9.991873863952821511e-01
9.991732900097931580e-01
9.992217362613511344e-01
9.992756253715924242e-01
9.991564545316178325e-01
9.992052262891413239e-01
9.993454963779074829e-01
9.990464393443099222e-01
