9.044602367480476080e-11
6.571747022456723874e-11
7.484242056886367292e-11
1.098634617325642014e-10
1.698814700616648101e-10
2.601909287110099985e-10
3.916030110450380554e-10
5.799399747119932443e-10
8.467776761107678318e-10
1.220553918035884221e-09
1.738814911816271562e-09
2.450725452075506246e-09
3.420114631119096619e-09
4.729922624465777549e-09
6.485178030874335540e-09
8.814561095319309736e-09
1.187862315011398698e-08
1.588345254530557980e-08
2.108365125742852286e-08
2.774403108982076349e-08
3.626289254639225823e-08
4.706029076914847852e-08
6.069714713444102442e-08
7.784248532450839607e-08
9.930751967894716718e-08
1.260687738589374519e-07
1.594331207854529977e-07
2.008757988387860095e-07
2.520661340893464234e-07
3.139423915537965551e-07
3.867981394803921635e-07
4.795293052843730214e-07
5.879582484216550950e-07
7.108645430041030968e-07
8.516298578664118111e-07
9.916836192532054074e-07
1.161408329943882743e-06
1.393618496006200974e-06
1.708576450463529414e-06
1.812035785855343692e-06
2.101354963957076619e-06
2.470370886099367284e-06
2.877244495098776219e-06
3.360644881535920842e-06
3.908083842700858301e-06
4.488690660387175696e-06
5.058486675287405039e-06
5.598014282930775230e-06
6.022935508039260847e-06
6.188436380852311818e-06
6.002731226905890427e-06
5.473743510021678397e-06
3.743504489330717988e-06
1.091540483713852737e-06
2.766967219938916253e-06
8.912427792717871029e-06
1.678732580965114652e-05
2.443379119902898007e-05
3.262279115783764150e-05
4.130889333632025356e-05
4.921913624665448609e-05
5.549205221215199757e-05
5.843646711641188336e-05
5.611100109506605982e-05
4.750237168231051955e-05
3.116638739511828942e-05
7.465132133980855146e-06
2.224540441548591665e-05
5.685176352070816006e-05
9.357450638018980976e-05
1.274568973635544704e-04
1.524914591471020534e-04
1.629498150381168730e-04
1.535811551452283079e-04
1.198915118081801006e-04
5.878039699577773962e-05
2.977113327228933615e-05
1.411699289374652424e-04
2.659833777494025769e-04
3.908999045961261947e-04
5.012460930766392828e-04
5.823598308353115319e-04
6.203484516726331640e-04
6.029940102684492112e-04
5.221674205651633460e-04
3.761275920866204809e-04
1.718316653625988138e-04
7.609144848494679876e-05
3.470243751545813130e-04
6.149514488077964568e-04
8.492185569525128631e-04
1.019491826863938404e-03
1.101021735837833795e-03
1.073114268577820369e-03
9.246507706198867560e-04
6.580100476350987703e-04
2.885973714584565792e-04
1.546037892019223837e-04
6.297427680099206091e-04
1.087086329862908384e-03
1.476607276679451058e-03
1.753897908311792889e-03
1.883491811520886889e-03
1.841003637017858728e-03
1.616876727208152150e-03
1.222714769955058007e-03
6.900782443800613283e-04
6.532030089591243905e-05
5.946058915446272982e-04
1.229112889038692794e-03
1.777037987053172678e-03
2.182184894609858188e-03
2.404794099823413453e-03
2.421655351158636445e-03
2.226915550885667262e-03
1.833465159675400557e-03
1.272157921551106147e-03
5.861414919714363382e-04
1.685764061223834782e-04
9.284212074404957910e-04
1.636828966767164698e-03
2.237586817371562536e-03
2.685535393075993375e-03
2.943672517461065358e-03
2.986739790978145802e-03
2.805155522165884464e-03
2.405967333824141682e-03
1.809914594546033640e-03
1.048016978015111960e-03
1.657360817342197750e-04
7.841399934023019283e-04
1.738098116839229034e-03
2.625443508769366788e-03
3.372829172011407653e-03
3.908203741174703927e-03
4.169902986259386296e-03
4.110035624769943843e-03
3.708603646412145152e-03
2.977883616202733549e-03
1.957954107544202741e-03
7.085268889545598241e-04
6.820472744025582630e-04
2.094883430836559646e-03
3.396253886011076258e-03
4.457901987558939363e-03
5.174118288762867904e-03
5.465840380922066914e-03
5.282866282117275498e-03
4.614320865268081891e-03
3.494729338070311133e-03
2.014177720449248678e-03
2.941848436436973421e-04
1.517743153171316342e-03
3.252813051705104840e-03
4.753607845598790613e-03
5.879796303153421271e-03
6.526247054996172324e-03
6.625403551818408003e-03
6.169740639922694642e-03
5.205884601036188733e-03
3.806894990085056378e-03
2.081072182162761654e-03
1.716681015313475760e-04
1.757128133283772202e-03
3.547630099926397419e-03
5.063601327936817498e-03
6.173513454191334980e-03
6.779976177604347086e-03
6.838331742554893886e-03
6.345390607287134874e-03
5.326134670616757168e-03
3.840669455697501983e-03
2.001388852990297097e-03
4.316502954456347563e-05
2.126568342060486828e-03
4.073807346063086643e-03
5.716303749069196263e-03
6.910115266378650568e-03
7.544654416686369033e-03
7.554306931887460642e-03
6.922900695151799899e-03
5.701804540959335039e-03
4.006726996963095797e-03
1.987185194515728431e-03
1.898694216293356739e-04
2.346081075966306891e-03
4.296565220391342782e-03
5.876005644054258827e-03
6.940480743637636452e-03
7.384670628086616867e-03
7.176246188566876363e-03
6.346017469670715318e-03
4.981584470682166692e-03
3.213780433401954365e-03
1.200005208120440234e-03
8.790689902036166866e-04
2.825777465151349966e-03
4.464063563377924926e-03
5.669367940847134385e-03
6.367250202733352321e-03
6.510675998835407235e-03
6.108231289258972234e-03
5.220670998020857101e-03
3.938795182735521302e-03
2.378014745334476338e-03
6.742067952505734034e-04
1.020394948162752944e-03
2.555402019213863160e-03
3.808154287394374584e-03
4.688678370949750894e-03
5.139685693952762181e-03
5.151736190724003073e-03
4.756313704122705315e-03
3.999884534288613777e-03
2.965452999393222624e-03
1.760500946559470474e-03
4.931717621419636193e-04
7.203125058206860882e-04
1.763083344787654298e-03
2.550216500287919279e-03
3.036499130310183446e-03
3.204845628755298263e-03
3.072399362158533594e-03
2.687661221854819281e-03
2.113307378754804029e-03
1.420672921148908013e-03
6.830190688020262380e-04
2.030534240021808205e-05
6.215391534500293216e-04
1.076891841610895300e-03
1.364425990175963848e-03
1.492002984701148614e-03
1.495905331257667845e-03
1.420084197934496110e-03
1.295138468218196134e-03
1.148514450786635235e-03
1.020025399664971182e-03
9.273445727081105127e-04
8.725183105531432838e-04
8.585509241752116438e-04
8.664814439601344976e-04
8.776102918762431404e-04
8.652532389879758574e-04
7.912529988177081138e-04
6.343654156502516461e-04
4.013759626227288548e-04
1.072202794993329188e-04
2.290481265879075348e-04
5.768941978909151308e-04
9.081796169054790185e-04
1.197094367298077913e-03
1.405259854681234488e-03
1.501654917608876523e-03
1.471009988563991852e-03
1.312996613183453967e-03
1.028463749813132667e-03
6.160084227121996906e-04
9.718290891096583817e-05
4.798507908562439726e-04
1.069957422114411636e-03
1.619359801840619846e-03
2.070054719416427897e-03
2.367310877715982000e-03
2.466420779054066467e-03
2.352559113808909072e-03
2.029217004238749802e-03
1.547285370623439947e-03
9.459402929703620948e-04
2.837411998498830137e-04
3.685522693831553946e-04
9.558326547863942599e-04
1.443246630981070804e-03
1.790579242294693682e-03
1.962894793701861797e-03
1.940372737263922542e-03
1.727119206417554540e-03
1.372498315549742359e-03
9.113527712795351779e-04
3.860684666997615095e-04
1.461500091292803683e-04
6.267231690901116327e-04
1.017498188222253465e-03
1.290486749461205746e-03
1.437246067414157035e-03
1.472624325014805502e-03
1.407929100790793501e-03
1.258557675321016114e-03
1.049332869927334638e-03
8.056736834594931248e-04
5.595012555909194231e-04
3.462597427971776274e-04
1.750720845905785945e-04
4.334187786738441436e-05
4.975931835637717178e-05
1.103529615849648145e-04
1.623267340364262777e-04
2.313200199138347967e-04
3.144968728434398785e-04
4.073761873959087787e-04
5.133429328774412759e-04
