1.000000000000008438e+00
1.000000000000003775e+00
9.999999999999976685e-01
9.999999999999812372e-01
9.999999999999640288e-01
9.999999999999394928e-01
9.999999999999114042e-01
9.999999999998719913e-01
9.999999999998401279e-01
9.999999999997974953e-01
9.999999999997566391e-01
9.999999999997012390e-01
9.999999999996458389e-01
9.999999999995832223e-01
9.999999999995164979e-01
9.999999999994474420e-01
9.999999999993693933e-01
9.999999999992882360e-01
9.999999999992034150e-01
9.999999999991132649e-01
9.999999999990193400e-01
9.999999999989223065e-01
9.999999999988166133e-01
9.999999999987090327e-01
9.999999999985962340e-01
9.999999999984847676e-01
9.999999999983550936e-01
9.999999999982263077e-01
9.999999999980936360e-01
9.999999999979607423e-01
9.999999999978129717e-01
9.999999999976667553e-01
9.999999999975159870e-01
9.999999999973658849e-01
9.999999999972034592e-01
9.999999999970413667e-01
9.999999999968760545e-01
9.999999999967016384e-01
9.999999999965205610e-01
9.999999999963319341e-01
9.999999999961483033e-01
9.999999999959562347e-01
9.999999999957644992e-01
9.999999999955677676e-01
9.999999999953534946e-01
9.999999999951421081e-01
9.999999999949238383e-01
9.999999999946993512e-01
9.999999999944708673e-01
9.999999999942484896e-01
9.999999999940116790e-01
9.999999999937752015e-01
9.999999999935332839e-01
9.999999999932790429e-01
9.999999999930311301e-01
9.999999999927687844e-01
9.999999999925073269e-01
9.999999999922393190e-01
9.999999999919675364e-01
9.999999999916917570e-01
9.999999999914072069e-01
9.999999999911215465e-01
9.999999999908243398e-01
9.999999999905238024e-01
9.999999999902269288e-01
9.999999999899251701e-01
9.999999999896092007e-01
9.999999999892950076e-01
9.999999999889696012e-01
9.999999999886500790e-01
9.999999999883136814e-01
9.999999999879790602e-01
9.999999999876393320e-01
9.999999999873001588e-01
9.999999999869597644e-01
9.999999999866034939e-01
9.999999999862552169e-01
9.999999999858959487e-01
9.999999999855231358e-01
9.999999999851492127e-01
9.999999999847781762e-01
9.999999999843940390e-01
9.999999999840103460e-01
9.999999999836187703e-01
9.999999999832248632e-01
9.999999999828257380e-01
9.999999999824208397e-01
9.999999999820161634e-01
9.999999999815940566e-01
9.999999999811786111e-01
9.999999999807558382e-01
9.999999999803212969e-01
9.999999999798945272e-01
9.999999999794533245e-01
9.999999999790067928e-01
9.999999999785598170e-01
9.999999999781112869e-01
9.999999999776587600e-01
9.999999999771981285e-01
9.999999999767255066e-01
