3.993530637473874378e-04
6.506539734757454951e-04
1.347489513663258087e-03
2.493444237147701692e-03
4.143816559623147988e-03
5.786726458895996572e-03
7.474335146614996539e-03
9.566891609117611495e-03
1.266359023823360186e-02
1.715770502526925423e-02
2.352097044196344022e-02
3.013929051036023932e-02
3.672469599912542293e-02
4.265481408680782405e-02
4.689732365570964401e-02
4.884247376701411625e-02
5.005510413639724376e-02
5.167907051039666300e-02
5.227349216783239161e-02
5.536219344530834974e-02
5.690455935170124491e-02
5.834234148539763076e-02
6.168632355173420123e-02
6.655346296354236468e-02
7.614383012618297641e-02
8.886856069301196648e-02
9.758198937981821253e-02
1.045299134922809126e-01
1.212794734843818389e-01
1.386801259265750819e-01
1.593134355391601087e-01
1.747286699004793054e-01
1.883958206104259236e-01
2.115639440190872911e-01
2.289051789779548152e-01
2.438585196349369877e-01
2.484968710297260630e-01
2.534672123443698633e-01
2.482331309285635834e-01
2.404579666130012283e-01
2.528703019940241603e-01
2.604351541080262011e-01
3.010031070700639466e-01
3.589926256846354136e-01
4.337350898311564951e-01
5.077835263134176103e-01
5.570254058682460041e-01
5.807016439501181404e-01
5.566057318850730073e-01
5.291955643847803259e-01
4.614381287060317360e-01
4.504135045834346540e-01
4.508178750660498668e-01
4.500377775652956158e-01
4.558553706388338567e-01
4.736379262916076138e-01
4.979321600427512040e-01
5.273308013577882036e-01
6.411639918725954290e-01
6.826844532215787797e-01
7.851319196561983293e-01
8.341299899786521754e-01
8.747764149678123324e-01
9.353010587926468000e-01
9.407710952866750187e-01
9.656305403906874085e-01
9.979127201951742965e-01
9.722594886715723028e-01
9.438013146595984892e-01
9.613375210046353203e-01
9.316344017315044690e-01
9.000559049809316869e-01
9.441287741519011067e-01
8.997582352967237185e-01
9.982545956171479107e-01
9.817284957802695500e-01
9.882624157812293086e-01
9.683514037704646915e-01
9.844051543316855168e-01
9.771870633701708053e-01
8.734937785079566197e-01
9.476010854737374478e-01
9.342560653848284158e-01
9.437686478787419286e-01
9.171001380808936343e-01
9.567793336244322377e-01
9.880976371312281126e-01
9.824322883927829597e-01
9.509676736486207815e-01
9.952600236915556398e-01
9.883863662002531081e-01
9.528729559979361996e-01
9.587298515180490144e-01
8.940383626560668429e-01
9.110738120648053107e-01
9.330343928486068972e-01
9.038680191104214723e-01
9.038174226310984327e-01
8.750503234058596425e-01
8.828706194306518151e-01
