2.761170108294574987e-03
1.353853308519958887e-02
5.822902341458713327e-02
2.310803007229433881e-02
4.726860620935335877e-02
3.130245157426325697e-03
1.255112346589115635e-02
2.418095738354630875e-02
7.397990799625775438e-03
1.902655649824547268e-02
6.439305039358544924e-02
9.327279048119696547e-03
5.023659881266717697e-02
5.720724062009086008e-02
4.520189386537964982e-02
5.542361714920573945e-02
6.210174875428620123e-02
8.531190928096621384e-03
5.095351499104583404e-02
5.840685813123691617e-03
4.933601185617153551e-02
6.499572787905261162e-02
6.172202235588752917e-02
3.937847876230826660e-02
1.036222901585015510e-02
5.386789907312528047e-02
6.242924299396324095e-03
5.307201157944796410e-02
6.420409334784316080e-02
5.331713426948625489e-02
6.499855972751733546e-02
3.605010586060874989e-02
1.754104384756516311e-02
5.556595130710884067e-02
3.422386975382363250e-02
1.002275453688872275e-02
9.246668776022870517e-03
7.572046967911583160e-03
3.132160159629193696e-02
5.721792576177353595e-02
7.110871451017519718e-03
5.347364482149929987e-02
4.678391072601484346e-02
2.716174982196750687e-02
3.276546342688846369e-02
5.113430012453779039e-02
5.095486502588886246e-02
1.038864519961002486e-02
5.298450234750717858e-02
4.787238778296143416e-02
1.627692509993117209e-02
1.469464806845643956e-02
3.435410509964675896e-02
6.288300710374905567e-02
1.774690523825950272e-02
4.786938244045013668e-02
7.806208214935494993e-03
2.601972295476573382e-02
3.661888249555766972e-02
3.014086374627267251e-02
7.883760472896295113e-03
4.090614043743368011e-02
2.723877660779705501e-02
5.731816746295748111e-02
1.731992136281024219e-02
2.383820092807020785e-03
9.019958158835050810e-03
1.815461843386656504e-02
6.212614745728339827e-02
1.322086361946250843e-02
5.837760152851878548e-02
1.784533398224086298e-02
4.968819164990478932e-03
7.428976471453574426e-03
1.132387702208259572e-02
4.859284544388164928e-02
3.964087932240045742e-02
2.973487410202446668e-02
1.091886395492669415e-02
4.467045253913115577e-02
5.533480216852948441e-02
4.907050982390703808e-02
1.728052434473204002e-02
2.485580401449027921e-02
4.532333497351748175e-02
3.686598932059459433e-02
7.949285316134147017e-03
8.910068007409455149e-03
7.702539803014829545e-03
6.398321115763550004e-03
5.117438578758548573e-02
1.846331007401458280e-02
5.924566697754052313e-02
6.744137977525599403e-03
9.497620434056552874e-03
1.349351855897251706e-02
9.767355769573993207e-03
3.550212242267236640e-02
4.799300123134531137e-02
2.044061402367391977e-02
