3.023425332705179880e+00
5.991141887505849084e+00
9.051536941528320668e+00
1.222321511904398683e+01
1.537810012102127111e+01
1.851980375846227034e+01
2.167720360755920339e+01
2.489720735152562625e+01
2.819936845699946204e+01
3.161977305412292338e+01
3.507260891993840346e+01
3.856028980811436924e+01
4.212388646999995245e+01
4.577249915599823282e+01
4.951766907374064175e+01
5.330394419034322340e+01
5.721137409210204794e+01
6.113626035849253526e+01
6.518728096485138224e+01
6.924234410524368855e+01
7.339157787958781398e+01
7.764500702222188977e+01
8.190483467976251575e+01
8.629307884772619275e+01
9.072753751277923584e+01
9.562553041378656360e+01
1.004809896230697603e+02
1.054676502505938203e+02
1.104689109166463226e+02
1.155165094693501828e+02
1.206980543573697418e+02
1.259397794365882817e+02
1.312821582794189510e+02
1.372874439676602663e+02
1.427254112044970213e+02
1.482865966200828609e+02
1.538857181191444283e+02
1.595868546128272953e+02
1.653524676163991387e+02
1.713069176832835012e+02
1.773319534579912897e+02
1.833243207772572703e+02
1.896491505821545900e+02
1.970912033518155511e+02
2.052317923227946039e+02
2.115837224125862122e+02
2.175381864945093753e+02
2.235760339101155694e+02
2.296875281294186948e+02
2.358932852904002004e+02
2.435481888373692811e+02
2.500958480079968638e+02
2.596325641194979426e+02
2.660287794073422560e+02
3.197086595495541701e+02
3.264856651544570809e+02
3.332038935979207395e+02
3.399706754763921026e+02
3.468796945611636033e+02
3.538024425745010149e+02
3.607897037585576641e+02
3.679449472069740068e+02
3.751051858345667256e+02
3.823020065506299261e+02
3.895943153858185042e+02
3.969129195968309887e+02
4.043569232424100051e+02
