2.020668686923165255e-04
2.060489060850821978e-04
2.141862207280919716e-04
2.251557577877365268e-04
2.358547364242983006e-04
2.522284572565596135e-04
2.727611953714421142e-04
2.953085484203474232e-04
3.189560612103424725e-04
3.442853212070118361e-04
3.739229820151452558e-04
4.034263081104338912e-04
4.338539889282211543e-04
4.730802971468972204e-04
5.083596741342633887e-04
5.343003357323465770e-04
5.718471718380501931e-04
6.315612052723106442e-04
6.668685169973896003e-04
6.936706392511321354e-04
7.877358066446139709e-04
8.352158097007720801e-04
8.834530381762502197e-04
9.376545256904916846e-04
1.016026737381748495e-03
1.096923011994047764e-03
1.115892694933857910e-03
1.203463164328860951e-03
1.290505784315328346e-03
1.347660563056645886e-03
1.388985441712396176e-03
1.515283636346696338e-03
1.595261017356561879e-03
1.728862269472163397e-03
1.913415672884967054e-03
1.952485888091267958e-03
1.998879574183464510e-03
2.165094597818486774e-03
2.174496362027806759e-03
2.325645883755667921e-03
2.432654916302315513e-03
2.494049458592667232e-03
2.645706584028098291e-03
2.705869950683375408e-03
2.841864097217701706e-03
2.963294807466537208e-03
3.097000539826051842e-03
3.122518983890801205e-03
3.244977242306261011e-03
3.451684683968042795e-03
3.522164141211281754e-03
3.602323265910120035e-03
3.774901634006446079e-03
3.902384742381385593e-03
4.026795535201431464e-03
4.127624166088314853e-03
4.269629547183297416e-03
4.445398033828576803e-03
4.716049314589625986e-03
4.818284102897420554e-03
4.848774813119970800e-03
4.981239051953930894e-03
5.093079086067227486e-03
5.350868714169542892e-03
5.395614445130898253e-03
5.726614550333424328e-03
6.073492198944403266e-03
6.062917860619579206e-03
6.149303759480292952e-03
6.284372372524185853e-03
6.557362047264524499e-03
6.682227989002959175e-03
6.929970626748963199e-03
7.117707296328846037e-03
7.345972178291126746e-03
7.773435312379140330e-03
7.878719937566683318e-03
8.079091595411223847e-03
8.234504077902961988e-03
8.540191610977510700e-03
8.718361865746619352e-03
8.892886130457012400e-03
9.130355935884404417e-03
9.446113666104444945e-03
9.497567352612996255e-03
9.832592912840092819e-03
1.005912327384130521e-02
1.046451886378770013e-02
1.056010423899635467e-02
1.081716257119629855e-02
1.084681193566829419e-02
1.099099314418486642e-02
1.162928542936830095e-02
1.148523024560473699e-02
1.157654613191958122e-02
1.200450092224507152e-02
1.202230947965645183e-02
1.270951687595588825e-02
1.298297375198165585e-02
1.322000959261987983e-02
