-4.221311836838255616e+00
-4.193879265040416193e+00
-4.166902971049777804e+00
-4.151269755651901150e+00
-4.170783852683936033e+00
-4.194994974201242677e+00
-4.210744884516314457e+00
-4.213988157911138899e+00
-4.201401910126667971e+00
-4.180842901264164801e+00
-4.160011702101525266e+00
-4.166436948796466311e+00
-4.177776205230466111e+00
-4.198880306347374081e+00
-4.221092274027739677e+00
-4.213948254888746803e+00
-4.185019603363001828e+00
-4.152726118888237394e+00
-4.154989988463351658e+00
-4.174273189718271659e+00
-4.201955811754660708e+00
-4.224500992144593958e+00
-4.214808027662922285e+00
-4.187863841004597631e+00
-4.159898403808785616e+00
-4.161412476913887382e+00
-4.172434019760096646e+00
-4.186203735015323169e+00
-4.209620799938913471e+00
-4.213520433954714761e+00
-4.198426437475830220e+00
-4.172342300554323202e+00
-4.161444190515090291e+00
-4.155758002160459874e+00
-4.171557356154279361e+00
-4.213729044751225672e+00
-4.226099494237472776e+00
-4.209774565824898396e+00
-4.178865656567886333e+00
-4.159091622533970245e+00
-4.157247973828897436e+00
-4.177037615671762794e+00
-4.211370255364910165e+00
-4.218176495349906574e+00
-4.206658801330754649e+00
-4.183831609469146784e+00
-4.168380762946839013e+00
-4.162086296192211599e+00
-4.167300601892221401e+00
-4.196334664805842607e+00
-4.211906069155366694e+00
-4.215155845247091193e+00
-4.201521998180694162e+00
-4.178285351670462333e+00
-4.158146471943724443e+00
-4.155545800487475461e+00
-4.187872668007852184e+00
-4.213585440266835569e+00
-4.221478110300297182e+00
-4.205942521850746907e+00
-4.177812829903186476e+00
-4.161037207684257666e+00
-4.161198365699972257e+00
-4.186938159561187867e+00
-4.204701461236574289e+00
-4.212958213308301225e+00
-4.206520819441439407e+00
-4.190764445427144658e+00
-4.176943550949712147e+00
-4.157678409994327140e+00
-4.167236618605522303e+00
-4.190272365206272553e+00
-4.209323422607530674e+00
-4.215407203573390937e+00
-4.201443328409562028e+00
-4.174642095136233522e+00
-4.147945744108092470e+00
-4.161508708390438294e+00
-4.188753384597785789e+00
-4.209214386462251767e+00
-4.218279386415330734e+00
-4.204557658531693498e+00
-4.182098353138630209e+00
-4.157379318980842342e+00
-4.163675752833801091e+00
-4.181748391231849382e+00
-4.197099996800949917e+00
-4.213433733213950205e+00
-4.213640886080440850e+00
-4.196185983307696432e+00
-4.161233193212960479e+00
-4.152011254956491371e+00
-4.165228317711405559e+00
-4.185672245079397058e+00
-4.215166165560259692e+00
-4.220779487737621238e+00
-4.196955727854854601e+00
-4.160549948251787811e+00
-4.155477695811577554e+00
-4.169241291938875271e+00
