1.295066265881346907e-06
6.676058610533645064e-07
1.502098337879701301e-07
1.020191547674559813e-06
1.884009883480021240e-06
2.725766239315627608e-06
3.549797661248276549e-06
4.377352724372640962e-06
5.260869506843007026e-06
6.310106437955853283e-06
7.722461277754759083e-06
9.810305631651096973e-06
1.301743676207341852e-05
1.791063971109517499e-05
2.512719551219340852e-05
3.526195956241873344e-05
4.870439657770269060e-05
6.546030863177001600e-05
8.498311749319392163e-05
1.060109991219048759e-04
1.263509676802320684e-04
1.425961951971840608e-04
1.498823562459262852e-04
1.419285243348647929e-04
1.114549135620918681e-04
5.100489436311238619e-05
4.605624164607394693e-05
1.844663833251145621e-04
3.656446541289806208e-04
5.862068798980589598e-04
8.363727066110643055e-04
1.098879796137134605e-03
1.349658197232468096e-03
1.559414827058850511e-03
1.696533581329540781e-03
1.729874814556069682e-03
1.632285340246105408e-03
1.384805392307825135e-03
9.820929669040689113e-04
4.373668853093582256e-04
2.152425608801613634e-04
9.207390064829042283e-04
1.608208315177162440e-03
2.198278780886384759e-03
2.608846259397050015e-03
2.765006479880287391e-03
2.609964948023144569e-03
2.115778611549413990e-03
1.292488837772668570e-03
1.934656335302821679e-04
1.088686208593280620e-03
2.430893995878646852e-03
3.693778942370003204e-03
4.731632032825298408e-03
5.411321992882015507e-03
5.634220218408636342e-03
5.349952420257667908e-03
4.563768502531698711e-03
3.337945899234870742e-03
1.783824211966210686e-03
6.113722152526122303e-05
1.641591926408047684e-03
3.139480739048346875e-03
4.272479579264395165e-03
4.922963504472653573e-03
5.034573518682332847e-03
4.615742672765925370e-03
3.731662301345116135e-03
2.504482642161777461e-03
1.092649460255532695e-03
3.525194499523193583e-04
1.693272967373119983e-03
2.808986986184104293e-03
3.618867889737626461e-03
4.096322381906941298e-03
4.269199969143927000e-03
4.208352140483383880e-03
3.984030173692704700e-03
3.642784900443972029e-03
3.202414104720270431e-03
2.674313129233032039e-03
2.062126023701216400e-03
1.325277321660693662e-03
4.025343357745310826e-04
7.264763797355319611e-04
2.006768752036936984e-03
3.314690907129557145e-03
4.509970003051469098e-03
5.467409845224860919e-03
6.047464176100263503e-03
6.094344873815704493e-03
5.518447478751901079e-03
4.316882769752877942e-03
2.571911250275776308e-03
4.534057835471648002e-04
1.792441887617658280e-03
3.896415711085664604e-03
5.607291894655003217e-03
6.729092949961444463e-03
7.126689897340387179e-03
6.773568457399357749e-03
5.761327239712623997e-03
4.231370079919045263e-03
2.386232703540278402e-03
4.610713731103753500e-04
1.337997574894798491e-03
2.838566054440692238e-03
3.937450401778306262e-03
4.601488126872557531e-03
4.823191192508040001e-03
4.687757591622278806e-03
4.312682544048103417e-03
3.781654674612616382e-03
3.158677272460522819e-03
2.496542502986359626e-03
1.799741754765277289e-03
1.029249375340889321e-03
1.353311343531564035e-04
9.090692942084972793e-04
2.086682712587581683e-03
3.332802804974433191e-03
4.536532197030580457e-03
5.563508499704524282e-03
6.256908751678526975e-03
6.482576464737441549e-03
6.165799807328774598e-03
5.256778681917600657e-03
3.762956216434034783e-03
1.801082490752420112e-03
4.270701890484183473e-04
2.649498030753455469e-03
4.592400107799292017e-03
6.027448557065767133e-03
6.774785519848696390e-03
6.774242957128319073e-03
6.069417857610210840e-03
4.763859968304451006e-03
3.035454794442265375e-03
1.108154024535358854e-03
7.926898984269310083e-04
2.450530419837101091e-03
3.747188866270267579e-03
4.598962578471126744e-03
4.994086894956065864e-03
4.997838414362920818e-03
4.682770336640645209e-03
4.104499102668804182e-03
3.314545925873194424e-03
2.377129886929376691e-03
1.364772330963164417e-03
3.330839867746289364e-04
6.785521340134258086e-04
1.626861293890289554e-03
2.452038878411154279e-03
3.108954327102613369e-03
3.516745024295223326e-03
3.571062491915989560e-03
3.213218605558288733e-03
2.455014113691952275e-03
1.376896598689339489e-03
1.030727462847887729e-04
1.237873900687764834e-03
2.494837449840173107e-03
3.511498139029678445e-03
4.139129699274831688e-03
4.284313363737930064e-03
3.959657382474539127e-03
3.230329617735413269e-03
2.193114445980225320e-03
1.011794521595316956e-03
1.016046045141157924e-04
9.748031015556226329e-04
1.521900195921204249e-03
1.684790604989738457e-03
1.454808595740439544e-03
8.793136863678345863e-04
6.740962747454806031e-05
8.256838000227540060e-04
1.630561191092942458e-03
2.209886811140972414e-03
2.511881669137131651e-03
2.537400834600223119e-03
2.293512528409507711e-03
1.827476024034625605e-03
1.212406361524356099e-03
5.407273680005056805e-04
1.117288208177876115e-04
6.853776799896572815e-04
1.126653264240613361e-03
1.407241925781117613e-03
1.517304906197333020e-03
1.430996392883413654e-03
1.140276326569556733e-03
6.772168825478778933e-04
6.947114798317085562e-05
6.241510414393924800e-04
1.340313034640119860e-03
2.010243490757093916e-03
2.532729042656400604e-03
2.837295918235972162e-03
2.881923149104997656e-03
2.615383262334570070e-03
1.982634455948448747e-03
9.914357389189116642e-04
2.271023075245016812e-04
1.451033512386692981e-03
2.481897842062606978e-03
3.183058105345951908e-03
3.468056580219304203e-03
3.280476637523595598e-03
2.582104293326523223e-03
1.375893037699041149e-03
1.695948442141333493e-04
1.796845498978162864e-03
3.298539931909790293e-03
4.486464857222501219e-03
5.172083875507747959e-03
5.253137088091460079e-03
4.793507774837435335e-03
3.918926559995592959e-03
2.763058799482083494e-03
1.475928885125306865e-03
2.455815503184424872e-04
7.506269246185240038e-04
1.396932929788212169e-03
1.641920137940911569e-03
1.517913744145426343e-03
1.110574590403562868e-03
5.305258645112319229e-04
1.090031299775227902e-04
7.218487113109287555e-04
1.262809297234379190e-03
1.695149578851866141e-03
1.956763720427326554e-03
2.027501477055369296e-03
1.961592043388574701e-03
1.837365884107334743e-03
1.724994513272474312e-03
1.666480862238747329e-03
1.669735525526447545e-03
1.676907709456885434e-03
1.631969298907062771e-03
1.516845435998515242e-03
1.306536512695776527e-03
9.688033103988540409e-04
5.217515240507694533e-04
3.260337281048955761e-05
4.654064566767187076e-04
9.344781869194922338e-04
1.265141964059448166e-03
1.334186795580473471e-03
1.094313881889000598e-03
6.008857774112526728e-04
6.681056426991457216e-05
8.564565389686143275e-04
1.727112313471226238e-03
2.630149617207618376e-03
3.470269067404503638e-03
4.107855194290874722e-03
4.449882811646355650e-03
4.461652307895124306e-03
4.133642129240418586e-03
3.489663321373419249e-03
2.585415153761964728e-03
1.520226253536509885e-03
4.225038545634184723e-04
5.451307203247953695e-04
1.264450153715971454e-03
1.689793123456855180e-03
1.801414330483214893e-03
1.601566115629467170e-03
1.127294901100648564e-03
4.738816096915378145e-04
2.427386790240867607e-04
9.280256079669710030e-04
1.522254127673771740e-03
1.987730950912931348e-03
2.294012986632574906e-03
2.450968190317787121e-03
2.528865016794472429e-03
2.626686273760486107e-03
2.813183826703025397e-03
3.082055927575447218e-03
3.391038339821418265e-03
3.731212996416200228e-03
4.049112765751397731e-03
4.216857044369971309e-03
4.103963140331009368e-03
3.633704507520843681e-03
2.801530365925303939e-03
1.674162961506763404e-03
3.694850186071308817e-04
9.518297649973593609e-04
2.111277524494539759e-03
2.930997422177203642e-03
3.252879305093618525e-03
2.979118993473726246e-03
2.138135275263957236e-03
8.913477800391275989e-04
5.951389489718047219e-04
