-2.137047488179542398e+01
-2.135859592729807233e+01
-2.142534872355999909e+01
-2.148326316875004593e+01
-2.149980434427060771e+01
-2.150191135016185484e+01
-2.150536773080512631e+01
-2.151315918356254997e+01
-2.151190551907419746e+01
-2.151093089303268968e+01
-2.151312249456648473e+01
-2.151361750009181506e+01
-2.151212943337763406e+01
-2.151310481660907925e+01
-2.151368680483341933e+01
-2.151293268255265190e+01
-2.151300072915256933e+01
-2.151274952317697142e+01
-2.151427142823622063e+01
-2.151248524044117971e+01
-2.151255323328413027e+01
-2.151380421266359377e+01
-2.151263726524318542e+01
-2.151266007321179075e+01
-2.151277855975555653e+01
-2.151424734231786218e+01
-2.151308911155396331e+01
-2.151202416037260079e+01
-2.151377124283087028e+01
-2.151297966652555971e+01
-2.151201008244316171e+01
-2.151254146464934891e+01
-2.151225155593503757e+01
-2.151282078724476676e+01
-2.151238686708869352e+01
-2.151187417808403168e+01
-2.151249778145224667e+01
-2.151300364811570631e+01
-2.151177865511118625e+01
-2.151187578960449898e+01
-2.151167146139346542e+01
-2.151204022101907753e+01
-2.151186765783060650e+01
-2.151166537467175033e+01
-2.151201855971322274e+01
-2.151169219618704176e+01
-2.151257864037132350e+01
-2.151213079629087233e+01
-2.151184687681054797e+01
-2.151291622017081906e+01
-2.151191078496572473e+01
-2.151237900269024550e+01
-2.151256812988362555e+01
-2.151260199802903728e+01
-2.151297914600970529e+01
-2.151255120304925583e+01
-2.151286374335174401e+01
-2.151291255993794849e+01
-2.151305600688115049e+01
-2.151309641001682493e+01
-2.151316720396023285e+01
-2.151272976023328098e+01
-2.151307242528496388e+01
-2.151257884065527648e+01
-2.151230852986676112e+01
-2.151263686100747208e+01
-2.151271402010316436e+01
