2.028611829512538996e-04
5.963731689416499259e-04
1.884776851081578592e-03
3.933896175061797618e-03
6.540489364190714069e-03
9.455410549444206308e-03
1.240899260815573300e-02
1.513685545258515106e-02
1.740495948596490136e-02
1.903157996136079638e-02
1.990269625823082658e-02
1.997825257227820589e-02
1.928954038106410820e-02
1.793020480886006393e-02
1.604393237353697252e-02
1.381023856348395466e-02
1.142838557347363934e-02
9.099874208235146991e-03
7.010545392580226978e-03
5.315263431125428518e-03
4.126755853997039064e-03
3.509323394774199398e-03
3.478014414555557609e-03
4.003774345389438279e-03
5.019060097316827875e-03
6.420710005699647831e-03
8.079078881412600846e-03
9.850830065821585685e-03
1.159300306738671876e-02
1.317687341185981749e-02
1.449165780048144135e-02
1.545146043488580118e-02
1.599843768878469324e-02
1.612175070268450847e-02
1.584329086918716961e-02
1.521303361687009921e-02
1.430335054202198572e-02
1.320307102156391410e-02
1.201564875973900465e-02
1.084926139979925513e-02
9.794297736829462447e-03
8.921560198474282402e-03
8.279722375896775288e-03
7.896304532832930378e-03
7.779771660717671976e-03
7.914464225012173351e-03
8.261260854279790442e-03
8.760392416969140297e-03
9.347091653892686605e-03
9.982191353104921672e-03
1.063193526537160004e-02
1.124417830792525178e-02
1.179355589744717457e-02
1.227047330047406279e-02
1.267771376842019050e-02
1.301904272026624572e-02
1.330375511806262435e-02
1.352286323429104098e-02
1.363408649855445132e-02
1.362510933272726397e-02
1.351545947541434381e-02
1.327740075912663305e-02
1.292517099932573299e-02
1.250727795908302895e-02
1.209683385559437267e-02
1.172714265853627008e-02
1.139705107322858818e-02
1.113145364572096750e-02
1.095690993264964407e-02
1.086641849368097899e-02
1.083918682779206472e-02
1.086990261716064797e-02
1.097085760311784439e-02
1.116179150871006963e-02
1.144325498905714687e-02
1.180550489721495996e-02
1.223435100158341837e-02
1.270533010901274754e-02
1.319946484693741880e-02
1.369105627764516213e-02
1.415043903702444504e-02
1.453087876988683191e-02
1.477929588801100806e-02
1.488165734517961185e-02
1.484972869355419972e-02
1.471486761693018876e-02
1.452296307008838806e-02
1.431530104061871055e-02
1.412133610592685058e-02
1.393547889968567606e-02
1.377991899818594573e-02
1.369650336473416177e-02
1.366272537831332394e-02
1.366473571203739336e-02
1.370036287846387521e-02
1.376914583433655297e-02
1.388234565707727186e-02
1.405371722960067384e-02
1.428556716129376382e-02
1.457699853053013098e-02
1.494736792646519583e-02
1.537130043883995142e-02
1.578280640857861183e-02
1.613051290656199871e-02
1.644858901803977064e-02
1.676111814555941368e-02
1.706255192198999002e-02
1.735501969296664865e-02
1.761359465775052743e-02
1.783973658542680960e-02
1.802527260772879281e-02
1.815611871664987373e-02
1.823500262216189508e-02
1.828325119495787660e-02
1.830174534087511407e-02
1.827755993362618209e-02
1.825175514812560004e-02
1.823878579926658389e-02
1.822085621162123845e-02
1.820351952925136282e-02
1.820716601185209255e-02
1.827293052300199908e-02
1.842352091685472634e-02
1.863258016581923610e-02
1.889452757041981679e-02
1.920659927627253044e-02
1.953395946826942328e-02
1.990413960816190403e-02
2.028867759138639967e-02
2.071421017378269336e-02
2.117840756463831853e-02
2.164090481792480675e-02
2.207766046513085986e-02
2.248206856737799617e-02
2.282445252223152740e-02
2.307517598022288882e-02
2.321506205174888454e-02
2.327852702132395327e-02
2.334474197008252344e-02
2.348788946626642962e-02
2.370524259400607833e-02
2.392685997218188532e-02
2.410264792510971935e-02
2.422271802243785438e-02
2.433877824539526849e-02
2.445836625169279729e-02
2.456757230434657852e-02
2.472004484982220571e-02
2.497123747855196918e-02
2.527705189830947025e-02
2.564301722991900803e-02
2.602203336525727925e-02
2.639490250903184579e-02
2.675819282870196825e-02
2.712445049473916417e-02
2.748298123478959062e-02
2.780606220965848446e-02
2.813109151349350509e-02
2.840245522243787027e-02
2.861281899747203372e-02
2.882861230822751641e-02
2.910592773271205788e-02
2.939938146343709993e-02
2.963098053909370838e-02
2.980059922576504955e-02
2.993964451213490877e-02
3.004806266496609646e-02
3.016251234463259920e-02
3.028753972787153956e-02
3.042948275432166491e-02
3.063658034744777894e-02
3.088784639983524136e-02
3.111005463532757337e-02
3.126233832791058820e-02
3.136137941357337172e-02
3.146861234143714242e-02
3.161874364448304109e-02
3.179484406467679436e-02
3.198275500390795195e-02
3.223803876364534499e-02
3.256566771637937896e-02
3.292959201492998839e-02
3.329205345008522110e-02
3.360524835887110373e-02
3.381416395253796642e-02
3.397395404708965921e-02
3.417439407731133472e-02
3.440887380648573191e-02
3.466465073208711140e-02
3.488057036060220745e-02
3.503803987240766693e-02
3.517097667512272818e-02
3.530275756733737558e-02
3.543221188953712270e-02
3.554302812137152823e-02
3.570381712040188865e-02
3.596329787971080244e-02
3.622776385501989826e-02
3.646056971200516139e-02
3.669806210871818380e-02
3.692442573701325281e-02
3.712998565520518601e-02
3.734531962135764771e-02
3.755580277998744887e-02
3.768800469262195002e-02
3.775577681942351993e-02
3.786138762957109299e-02
3.803129361767811079e-02
3.822956694248341031e-02
3.845379316838976047e-02
3.870596633673913795e-02
3.896107524624278090e-02
3.922133954605832445e-02
3.952820808266717389e-02
3.987178082810068080e-02
4.022519491093524968e-02
4.054596326847348386e-02
4.081315611729192938e-02
4.107979782756933373e-02
4.137583798430129883e-02
4.162778602590682525e-02
4.182932391421773088e-02
4.198944201901478462e-02
4.205336168872051555e-02
4.201557313926358728e-02
4.191283678104362753e-02
4.180183200837233465e-02
4.172157312760148284e-02
4.170132877139590827e-02
4.176421593748472216e-02
4.190766844281806902e-02
4.212515211272203214e-02
4.240817010252478925e-02
4.270312778710252249e-02
4.299749478849116541e-02
4.328554027792752557e-02
4.352940148565345030e-02
4.373272424791740942e-02
4.392724881189225689e-02
4.411678187636868670e-02
4.432886532032983412e-02
4.460405032843677703e-02
4.488507639394603149e-02
4.512061765587428025e-02
4.531117304722470651e-02
4.546550857615566654e-02
4.562012599774389193e-02
4.580943122614472562e-02
4.603582381888063346e-02
4.633260267208220290e-02
4.664770356404025070e-02
4.683344289123759357e-02
4.684505649025950264e-02
4.673335681933977331e-02
4.658626562594803122e-02
4.646722631621565125e-02
4.637684336902102994e-02
4.631768829822597439e-02
4.633323045755596142e-02
4.652371602924140065e-02
4.691231093372480454e-02
4.743290088113391589e-02
4.797654089400364003e-02
4.850094535403665086e-02
4.908332269440866119e-02
4.969999617951124937e-02
5.026695165364290785e-02
5.077129433746519621e-02
5.119056148662806671e-02
5.152430460541287949e-02
5.176718062674569992e-02
5.189082683091425507e-02
5.189966092468868697e-02
5.176450332838315044e-02
5.149492849366573560e-02
5.110808284725516099e-02
5.063272635464141636e-02
5.011872112505458277e-02
4.964347288556046622e-02
4.933225883668228978e-02
4.922858275038705794e-02
4.928508548305891857e-02
4.949977995295343214e-02
4.989230446228109378e-02
5.049399699636519800e-02
5.132024928041199058e-02
5.237351047266997073e-02
5.358075046962185867e-02
5.477727989711133477e-02
5.577712050259532595e-02
5.649466922538267516e-02
5.704689771660385877e-02
5.752904796203808790e-02
5.780653845651902156e-02
5.765518282959377488e-02
5.699736184340702116e-02
5.592740307392415205e-02
5.458848894861771661e-02
5.315054103919244349e-02
5.181453676072740600e-02
