4.055944034439740165e-02
3.951467391699958753e-02
3.181383894665235079e-02
2.352010095031065173e-02
1.589830419150406460e-02
1.025921607671231861e-02
6.511799999359801916e-03
4.352756925701029012e-03
3.061644896267146088e-03
2.792743652778595376e-03
2.801773637385651661e-03
2.843478053141113016e-03
2.536715382778997885e-03
2.256974200284922460e-03
2.230341716037642641e-03
2.035878685541225863e-03
1.871491254790247361e-03
2.024667382396816429e-03
2.046477622724029999e-03
1.790536665694508756e-03
1.728807584529090668e-03
1.738267213224675700e-03
1.494404894893164304e-03
1.563654842968609238e-03
1.715169502456204143e-03
1.628159524947325743e-03
1.476613381033220485e-03
1.667384196888388459e-03
1.505278363839512856e-03
1.703281857430183344e-03
1.565834005649691107e-03
1.528291190447839121e-03
1.563458215863788858e-03
1.438537628003722091e-03
1.613691503379310888e-03
1.463469279728402128e-03
1.548574388901435839e-03
1.533838529591435851e-03
1.473348638403870758e-03
1.642415915077077848e-03
1.502470287553681061e-03
1.604480681731912384e-03
1.557691491265167372e-03
1.474046345377399980e-03
1.612143386643838383e-03
1.797992005394433157e-03
1.441776461959642930e-03
1.597941070669017805e-03
1.498772684816573886e-03
1.628555094329242614e-03
1.642863636735603095e-03
1.425352361007936608e-03
1.576436502918832083e-03
1.611109321404402550e-03
1.502234429870297205e-03
1.541585414413515487e-03
1.479733716760578410e-03
1.509765056317280418e-03
1.479356684747634709e-03
1.542198759183821544e-03
1.567354637706519505e-03
1.504249283859615538e-03
1.400577717809547984e-03
1.562187427766703607e-03
1.627240135049001779e-03
1.550802689762820208e-03
1.533980557135383727e-03
