-1.305525220208244619e+01
-1.304049492097760243e+01
-1.302400313782827546e+01
-1.302369881414749386e+01
-1.302485041971256940e+01
-1.302643162763575901e+01
-1.303779098649017776e+01
-1.304680507138033541e+01
-1.304137671389507425e+01
-1.303165809634804084e+01
-1.302592619455620060e+01
-1.302542383182851893e+01
-1.302876838361926737e+01
-1.303319401722667159e+01
-1.303695353276906310e+01
-1.303964416635033352e+01
-1.303821146913047357e+01
-1.303328063106723889e+01
-1.302843345870850555e+01
-1.302682335756800391e+01
-1.302825171190890430e+01
-1.303167585798114025e+01
-1.303659334659032254e+01
-1.304062401491690970e+01
-1.303888226047728338e+01
-1.303405480246185455e+01
-1.302821164833060053e+01
-1.302345854320811114e+01
-1.302620073576031778e+01
-1.303405021419025900e+01
-1.304058276719447385e+01
-1.304147447835400619e+01
-1.304058111393066710e+01
-1.303235979408348832e+01
-1.301920331090686922e+01
-1.301991089236002352e+01
-1.303330416657675528e+01
-1.304201491750315611e+01
-1.304177157733547787e+01
-1.304094099795848472e+01
-1.303435928894294271e+01
-1.302233029190260005e+01
-1.302026522152639743e+01
-1.302981649181074886e+01
-1.303833186757852225e+01
-1.304183900172906618e+01
-1.304075433831878961e+01
-1.303373312555901364e+01
-1.302790179882349619e+01
-1.302659079192181757e+01
-1.302733088720803956e+01
-1.303111300318338195e+01
-1.303750643416274357e+01
-1.303969729509326214e+01
-1.303686863280482200e+01
-1.303394646761373288e+01
-1.303046032113464570e+01
-1.302708609963696063e+01
-1.302792726721069982e+01
-1.302980236765500877e+01
-1.303501463172177210e+01
-1.304108952606566696e+01
-1.304043020619669235e+01
-1.303508519316087266e+01
-1.302903430246784922e+01
-1.302407730992730528e+01
-1.302191355795876682e+01
-1.303071263155453607e+01
-1.304413916719858335e+01
-1.304768087790407272e+01
-1.303777152983287024e+01
-1.302728069266539102e+01
-1.302318419714437780e+01
-1.302103849794027113e+01
-1.302689075104868088e+01
-1.304326289935163885e+01
-1.304975822079542702e+01
-1.303761941287679349e+01
-1.302832981293231462e+01
-1.302603275579457787e+01
-1.302319311768915355e+01
-1.302681787035369432e+01
-1.303795781229222328e+01
-1.304254145012739485e+01
-1.303841336263142381e+01
-1.303442887812951767e+01
-1.303087486318266741e+01
-1.302637628053219032e+01
-1.302605944174773889e+01
-1.302994672417304223e+01
-1.303604436353860940e+01
-1.304014712034840429e+01
-1.303805983838030613e+01
-1.303409798772150729e+01
-1.303116373523234905e+01
-1.302827012271318274e+01
-1.302492986136242337e+01
-1.302895227682139812e+01
-1.303699653949584913e+01
-1.303985019070497131e+01
