-1.106676112669495637e+01
-1.105027823563178302e+01
-1.107187320973516087e+01
-1.108685358945024824e+01
-1.110320944958226796e+01
-1.111186290153911393e+01
-1.110570220965118438e+01
-1.110560296534246127e+01
-1.111157924363267924e+01
-1.111338833141751259e+01
-1.110895517271746691e+01
-1.111242948227391736e+01
-1.111480692490037470e+01
-1.111256919277654909e+01
-1.111141560732381173e+01
-1.111099355691882451e+01
-1.111370787864036735e+01
-1.111339900438972350e+01
-1.111329210204712936e+01
-1.111461632614819450e+01
-1.111365897611390174e+01
-1.111376712688658408e+01
-1.111293808583251952e+01
-1.111232875713712787e+01
-1.111478881158410026e+01
-1.111506505659605892e+01
-1.111333695724743720e+01
-1.111459027357693152e+01
-1.111398277516854627e+01
-1.111350879605516084e+01
-1.111352457761830514e+01
-1.111328896060911120e+01
-1.111517342842687839e+01
-1.111463518274107720e+01
-1.111364170533748563e+01
-1.111385476797090099e+01
-1.111523123490243670e+01
-1.111380307522665412e+01
-1.111315173391794175e+01
-1.111476677743571706e+01
-1.111519604308710996e+01
-1.111407553482458077e+01
-1.111316254917430690e+01
-1.111556199411496948e+01
-1.111470944357906276e+01
-1.111298757104882284e+01
-1.111459778338094395e+01
-1.111516987439035375e+01
-1.111422185549063002e+01
-1.111402373462782478e+01
-1.111476530975308741e+01
-1.111520715143437954e+01
-1.111429370100157854e+01
-1.111386795670716765e+01
-1.111486675665717350e+01
-1.111445301267004737e+01
-1.111394618255934041e+01
-1.111422038519483557e+01
-1.111465753464340978e+01
-1.111487185738021033e+01
-1.111384594080305099e+01
-1.111368750365502223e+01
-1.111415788875845223e+01
-1.111374029774619032e+01
-1.111355849700459153e+01
-1.111411583974056505e+01
-1.111419223271237300e+01
