1.890980823203370909e-01
1.755738540812610271e-01
1.612555029303328613e-01
1.475817140164145114e-01
1.359329921823883014e-01
1.274765876415517862e-01
1.230502286113798194e-01
1.230765157684471367e-01
1.275246064163746418e-01
1.359204329603269645e-01
1.473972790659434651e-01
1.607812540532871370e-01
1.747110119661153815e-01
1.877714704273539814e-01
1.986458654059545248e-01
2.062870821576391345e-01
2.100462226310130243e-01
2.097403944865571246e-01
2.056437653931556531e-01
1.984059941363939261e-01
1.889306944794854060e-01
1.782525552689804282e-01
1.674369328042116800e-01
1.574848043442766965e-01
1.492492339493280973e-01
1.433518688750403669e-01
1.401248168306373776e-01
1.396095611897426592e-01
1.415783187286890898e-01
1.455885752715864179e-01
1.510972901818791181e-01
1.575016143907291832e-01
1.641309482936795794e-01
1.704150297990317808e-01
1.759238605194651806e-01
1.803722664617506410e-01
1.835889651021147539e-01
1.853820632862289708e-01
1.856131752064633655e-01
1.843145671776307282e-01
1.817123244027212259e-01
1.781853386960994268e-01
1.742233976546243568e-01
1.703464510308139168e-01
1.670102699999270746e-01
1.645347773500707156e-01
1.630978492509438382e-01
1.627389488603805390e-01
1.633809031359456654e-01
1.649681784997591993e-01
1.673180898474655454e-01
1.700072074084217899e-01
1.725461608739994324e-01
1.744752711935491085e-01
1.753388253123975282e-01
1.747145890584539396e-01
1.724397725090777156e-01
1.687833051448968114e-01
1.643087411326332736e-01
1.596678544588872040e-01
1.555874804654054921e-01
1.528275985706459839e-01
1.519232069704578025e-01
1.530586544155352335e-01
1.561148805052735566e-01
1.607586092709214487e-01
1.664893110999432491e-01
1.726584426559180097e-01
1.786236724831389289e-01
1.838408619629365859e-01
1.879585552054235942e-01
1.908015981352277901e-01
1.922337324287761717e-01
1.921248853221805275e-01
1.903508007085528142e-01
1.868404836959687287e-01
1.816614418591614433e-01
1.750831773770672450e-01
1.675771492534082752e-01
1.597601692372450088e-01
1.523043142406670380e-01
1.458883647542515982e-01
1.411143185165939506e-01
1.384438919079457042e-01
1.381686380973500272e-01
1.403467614768669769e-01
1.448438265661320390e-01
1.513729176896283501e-01
1.595249452354060571e-01
1.687329003034858665e-01
1.783404104567184456e-01
1.876206961956589092e-01
1.957820366142705160e-01
2.020351545537032445e-01
2.057239212166854792e-01
2.064330108746827985e-01
2.040337894417247888e-01
1.986638476687245802e-01
1.907297033597744607e-01
1.809164323833626353e-01
1.700656920631803404e-01
1.590671861268114773e-01
1.488037598459750477e-01
1.401309865390607534e-01
1.338777807494156979e-01
1.307790037575251585e-01
1.312668674944263980e-01
1.353711792103028388e-01
1.427379338858985047e-01
1.526396901235780312e-01
1.640407315269106769e-01
1.757589004580201175e-01
1.865892556980442984e-01
1.954433578885065304e-01
2.015805627866877892e-01
2.046532379207540719e-01
2.046316181006346824e-01
2.017168563800912917e-01
1.962776303980705572e-01
1.888700000512332222e-01
1.802234116736414204e-01
1.711663985085334350e-01
1.625301217960450906e-01
1.550080661399266813e-01
1.491940611722577525e-01
1.455545138610399025e-01
1.442934465335212746e-01
1.453696389778321718e-01
1.485486967583025120e-01
1.534155127761909210e-01
1.594697975667614953e-01
1.661663678456235527e-01
1.728924966763212279e-01
1.789924724776769116e-01
1.838793867484453948e-01
1.871390399203542998e-01
1.885473420254748511e-01
1.880574962840803055e-01
1.857713166542929173e-01
1.819398053220877554e-01
1.769770092223564850e-01
1.715149805147109241e-01
1.663423805821605539e-01
1.622362947635132002e-01
1.598173314106496878e-01
1.595346245084299230e-01
1.614103965884902125e-01
1.650759415972942179e-01
1.699583722246619244e-01
1.752425245669961829e-01
1.800896120459145600e-01
1.838298727583129732e-01
1.857968595611336760e-01
1.855596970059485429e-01
1.831355561320354708e-01
1.787806596092590405e-01
1.729516552259625639e-01
1.663424315885890792e-01
1.597501716388533000e-01
1.539561195294526508e-01
1.497196927647866938e-01
1.476610772167424868e-01
1.480977663268290279e-01
1.510640771927037607e-01
1.562826950101465773e-01
1.632598019408277867e-01
1.713250469829764588e-01
1.797496378531805439e-01
1.878447431008832824e-01
1.949494781744284255e-01
2.004412413329709208e-01
2.036686164925833875e-01
2.040532953031660712e-01
2.014574499074816005e-01
1.960152507761913077e-01
1.880569684239296047e-01
1.781287664697125406e-01
1.670096178401938580e-01
1.558278296875069691e-01
1.458218353031117687e-01
1.380581828879088313e-01
1.333315828086580890e-01
1.320675490129706864e-01
1.343178792209507311e-01
1.397785712508622380e-01
1.479418109151853233e-01
1.581506789918476485e-01
1.695919374804029101e-01
1.813624127734033697e-01
1.925366662555147990e-01
2.021088167990322537e-01
2.090817785148261221e-01
2.127371264757337288e-01
2.127552788177033971e-01
2.090887246736309324e-01
2.021046222413312998e-01
1.925619365957941254e-01
1.814231916312597503e-01
1.697546179075452022e-01
1.586084841487808150e-01
1.489666110399437970e-01
1.416043848508330427e-01
1.371128839561877033e-01
1.357978972054865174e-01
1.376275450861722538e-01
1.423071117724385992e-01
1.492411979653865961e-01
1.576497487918843143e-01
1.667292828159951945e-01
1.756968220306357464e-01
1.838674240153008732e-01
1.906606957236111066e-01
1.954715648339353518e-01
1.979151514398703737e-01
1.979333474973412610e-01
1.957474916869184067e-01
1.918363734380563734e-01
1.867982873839399982e-01
1.812003023808061997e-01
1.755005865558749711e-01
1.700613674131767894e-01
1.651287782159094331e-01
1.609448706136752394e-01
1.577528716341763948e-01
1.557305590541894214e-01
1.549813735893350586e-01
1.555303865562890353e-01
1.573083554060292766e-01
1.601906347396644392e-01
1.639840241569686663e-01
1.683057831507014379e-01
1.726112950586936590e-01
1.763174123457685871e-01
1.788861041364188109e-01
1.800331809355647517e-01
1.797572403857026213e-01
1.782541034532336699e-01
1.759334105446072050e-01
1.733062167376707707e-01
1.708285324242443393e-01
1.689040709288918141e-01
1.678048301598855652e-01
1.676393080030181837e-01
1.684254059785337265e-01
1.701381693103009018e-01
1.726445144155263067e-01
1.755769718065692819e-01
1.784093081443767215e-01
1.806316090860139445e-01
1.818086145794580721e-01
1.815548104669759688e-01
1.797740447409559295e-01
1.766478125600726701e-01
1.724286949434112870e-01
1.674941755201383442e-01
1.623451384029137579e-01
1.574794186417208808e-01
1.534524969214881018e-01
1.508151430386673875e-01
1.498761670235919663e-01
1.507273748812772984e-01
1.533133006696910661e-01
1.574119289552380341e-01
1.626773463905463180e-01
1.688110549757707579e-01
1.755227986664565920e-01
1.823562425041908019e-01
1.887427280613697134e-01
1.940973004266730584e-01
1.978860869628369379e-01
1.997215480124030496e-01
1.993231106678300391e-01
1.964824219574915487e-01
1.912428566832682364e-01
1.839189291093308309e-01
1.751033362730994858e-01
1.655000981123001536e-01
1.558330056397483343e-01
1.469090339791758737e-01
1.395590525561943851e-01
1.345434310284419066e-01
1.324407785928770620e-01
1.336233504976597208e-01
1.382170626932537338e-01
1.459461942518343047e-01
1.560537247364338631e-01
1.675089178797989353e-01
1.792802459038925766e-01
1.904029342640897182e-01
1.999946499431466407e-01
2.073494089687052400e-01
2.118389696719591431e-01
2.129042799492442128e-01
2.103501583605081882e-01
2.043460789147993895e-01
1.953326803576209691e-01
1.840754160352938706e-01
1.716717572743109432e-01
1.594483128252777160e-01
1.487635105412624670e-01
