-4.172803883452267826e+00
-4.178069981921462173e+00
-4.109601126416337458e+00
-4.135933611340294469e+00
-4.125580137892377763e+00
-4.169954609996402439e+00
-4.138008438041434367e+00
-4.123788244554753568e+00
-4.147967070709291271e+00
-4.165663203435462592e+00
-4.099949831665480993e+00
-4.162101905058426254e+00
-4.086402808090385363e+00
-4.112259347508388174e+00
-4.123832801138312298e+00
-4.104995549828143631e+00
-4.076956094219891469e+00
-4.135212141424585042e+00
-4.138011931537494803e+00
-4.146517562487915143e+00
-4.084551277966604665e+00
-4.079555695383518810e+00
-4.082861153510807029e+00
-4.100114917012669835e+00
-4.158269060023005004e+00
-4.121338756201222253e+00
-4.158700826137728512e+00
-4.102075152709764083e+00
-4.100950940760806240e+00
-4.112467758063742096e+00
-4.085858420622772158e+00
-4.113049691723790424e+00
-4.161924480418242034e+00
-4.071998687883902512e+00
-4.155492408744501098e+00
-4.152342376125223389e+00
-4.160556752237821065e+00
-4.168260494112459469e+00
-4.150159935845039172e+00
-4.088409292075787071e+00
-4.164087625215113775e+00
-4.093582880536745350e+00
-4.131335950458440820e+00
-4.173043468466129724e+00
-4.153592536056267548e+00
-4.120759557432727149e+00
-4.092260650958757573e+00
-4.171417157809160337e+00
-4.092893723414291252e+00
-4.126621105592888306e+00
-4.175429339455543953e+00
-4.160578216221575865e+00
-4.158411566900888978e+00
-4.101528972463888145e+00
-4.128396470758167069e+00
-4.124341287385032473e+00
-4.164526659734638869e+00
-4.129552163859799840e+00
-4.118137905814132083e+00
-4.134868427031738847e+00
-4.154511336837630964e+00
-4.140885660025789505e+00
-4.101569395506889038e+00
-4.117844621393204285e+00
-4.158486324883916119e+00
-4.162463837480665063e+00
-4.180630793746135332e+00
-4.168188607523937605e+00
-4.091571280726300053e+00
-4.133934111532419742e+00
-4.103563366534537238e+00
-4.178404876029806481e+00
-4.146922200247105117e+00
-4.149606463354944985e+00
-4.167958455812931007e+00
-4.123004094458468494e+00
-4.100724598911691388e+00
-4.160472116796022135e+00
-4.141296888661736730e+00
-4.103068407969200138e+00
-4.094954979513158122e+00
-4.104800499245810030e+00
-4.127444617615134703e+00
-4.175038017008845692e+00
-4.110980228715324536e+00
-4.152321638424210093e+00
-4.178838287987958644e+00
-4.141522932951280822e+00
-4.155129828151934213e+00
-4.182909437821388465e+00
-4.124755367438045717e+00
-4.127901724836663178e+00
-4.125465011772585733e+00
-4.166924674723712307e+00
-4.144796733097000363e+00
-4.137899351935214298e+00
-4.164889995756575480e+00
-4.148183658471483959e+00
-4.095800359641605048e+00
-4.157949723784823526e+00
