-1.284136278680279730e+01
-1.282563848641580684e+01
-1.282190591186916429e+01
-1.281889485959167274e+01
-1.280162469073030351e+01
-1.282008970735122588e+01
-1.283045995168757258e+01
-1.283122684630349220e+01
-1.282595424067865508e+01
-1.282185955390959187e+01
-1.281675682163438701e+01
-1.281440402205489804e+01
-1.281854387702234455e+01
-1.282266946649588313e+01
-1.282751023913127497e+01
-1.282613033677039382e+01
-1.281900994932968096e+01
-1.282003054597801750e+01
-1.282370633168407181e+01
-1.282245447664764981e+01
-1.282085110099131420e+01
-1.282192602049944696e+01
-1.281962107473957246e+01
-1.281512047498292617e+01
-1.281964348898744710e+01
-1.282461851973342526e+01
-1.282478813881259860e+01
-1.282186699400746832e+01
-1.283013197478619638e+01
-1.281914622843416751e+01
-1.281198323715243781e+01
-1.281745615595453458e+01
-1.281904885180188458e+01
-1.282621553875000053e+01
-1.282671293181793715e+01
-1.283385525582956355e+01
-1.282444427322597846e+01
-1.280913348124019180e+01
-1.280964284072501691e+01
-1.281552355442071978e+01
-1.282736459233369786e+01
-1.282509697931330628e+01
-1.283256367508323237e+01
-1.282966318123245664e+01
-1.281664717015077315e+01
-1.280530481225452633e+01
-1.281132226213541969e+01
-1.282530404931351953e+01
-1.282670537624962748e+01
-1.282699850948915987e+01
-1.282467356438929507e+01
-1.282220789286878926e+01
-1.281120159551840487e+01
-1.281893978647873666e+01
-1.282349220222782904e+01
-1.282345008028343791e+01
-1.282418228852843534e+01
-1.281838710044530849e+01
-1.281809876030977335e+01
-1.282074204163292208e+01
-1.282356079396143400e+01
-1.282898303165671194e+01
-1.281733676558379287e+01
-1.282221705118646682e+01
-1.282004956355882364e+01
-1.280883521299274364e+01
-1.281876321927825657e+01
-1.282965915220531983e+01
-1.283613334983318666e+01
-1.282154085750664052e+01
-1.282182606254336754e+01
-1.281837397662222422e+01
-1.281146871180859037e+01
-1.281634429021383070e+01
-1.282352477108458721e+01
-1.283311380282469472e+01
-1.283059518036445290e+01
-1.282309278316731849e+01
-1.281729779924651424e+01
-1.281722993452306447e+01
-1.280862567664999219e+01
-1.281666783626457828e+01
-1.283187814624131384e+01
-1.282850848012128075e+01
-1.282823429937885606e+01
-1.281973721780086350e+01
-1.281830792144882025e+01
-1.280635785317900144e+01
-1.281750428456047253e+01
-1.282747198626704588e+01
-1.281610467178979107e+01
-1.282434174829496776e+01
-1.282585487880247754e+01
-1.281272180937641636e+01
-1.281053163012211726e+01
-1.282171623228916957e+01
-1.282397110081657132e+01
-1.281528986017140603e+01
-1.281825632070232857e+01
-1.281523656309276404e+01
