1.000000000000014655e+00
1.000000000000016209e+00
1.000000000000018430e+00
1.000000000000021094e+00
1.000000000000024647e+00
1.000000000000030198e+00
1.000000000000033529e+00
1.000000000000040856e+00
1.000000000000045963e+00
1.000000000000055511e+00
1.000000000000067502e+00
1.000000000000075495e+00
1.000000000000092593e+00
1.000000000000101696e+00
1.000000000000115463e+00
1.000000000000130562e+00
1.000000000000140776e+00
1.000000000000158762e+00
1.000000000000173195e+00
1.000000000000189848e+00
1.000000000000207168e+00
1.000000000000222933e+00
1.000000000000242695e+00
1.000000000000266009e+00
1.000000000000287992e+00
1.000000000000314859e+00
1.000000000000334843e+00
1.000000000000365263e+00
1.000000000000391909e+00
1.000000000000422107e+00
1.000000000000453415e+00
1.000000000000483613e+00
1.000000000000514255e+00
1.000000000000545342e+00
1.000000000000575984e+00
1.000000000000611511e+00
1.000000000000647482e+00
1.000000000000679456e+00
1.000000000000716094e+00
1.000000000000753619e+00
1.000000000000796696e+00
1.000000000000839995e+00
1.000000000000884182e+00
1.000000000000924594e+00
1.000000000000965894e+00
1.000000000001009637e+00
1.000000000001057376e+00
1.000000000001104894e+00
1.000000000001153744e+00
1.000000000001203038e+00
1.000000000001254330e+00
1.000000000001302070e+00
1.000000000001356693e+00
1.000000000001417089e+00
1.000000000001469047e+00
1.000000000001519007e+00
1.000000000001570966e+00
1.000000000001620926e+00
1.000000000001676215e+00
1.000000000001731060e+00
1.000000000001787459e+00
1.000000000001849187e+00
1.000000000001903810e+00
1.000000000001965761e+00
1.000000000002029266e+00
1.000000000002083000e+00
1.000000000002145617e+00
1.000000000002210676e+00
1.000000000002275291e+00
1.000000000002338574e+00
1.000000000002415179e+00
1.000000000002483347e+00
1.000000000002547296e+00
1.000000000002621015e+00
1.000000000002688072e+00
1.000000000002768452e+00
1.000000000002837730e+00
1.000000000002911449e+00
1.000000000002984279e+00
1.000000000003061107e+00
1.000000000003139933e+00
1.000000000003218981e+00
1.000000000003291145e+00
1.000000000003377520e+00
1.000000000003455014e+00
1.000000000003536282e+00
1.000000000003615996e+00
1.000000000003707479e+00
1.000000000003803402e+00
1.000000000003891554e+00
1.000000000003979705e+00
1.000000000004072076e+00
1.000000000004162892e+00
1.000000000004254597e+00
1.000000000004345191e+00
1.000000000004437783e+00
1.000000000004528600e+00
1.000000000004620970e+00
1.000000000004711787e+00
1.000000000004813039e+00
