5.419381966826328720e-15
3.087112619460712255e-03
7.949909810087209022e-05
1.179270387563109354e-02
2.667803519416420827e-02
3.544544382149740491e-02
3.431242713931737659e-02
2.644587949466911669e-02
1.921508863505031264e-02
1.883004358906737244e-02
2.777300569377064154e-02
4.386476643584256291e-02
5.951170843077431549e-02
6.371837902923040142e-02
5.216908088822680423e-02
3.647627071236914098e-02
3.365544007587677883e-02
4.951796474745996657e-02
7.299268277214798761e-02
8.648991898263783118e-02
8.327595075400982816e-02
7.078670128040642773e-02
6.100100096057445298e-02
6.166257955309829147e-02
7.345063582048298734e-02
8.957978992700940668e-02
1.004649546121717252e-01
1.018297372148493501e-01
9.751275497835260042e-02
9.371318869579906008e-02
9.253171665198617335e-02
9.392934487899755325e-02
9.951577371057147847e-02
1.108719021697080614e-01
1.246001032166098588e-01
1.310887831349003829e-01
1.254096744906066929e-01
1.145335896854341867e-01
1.103363727480054374e-01
1.182545817728051091e-01
1.336379124357699733e-01
1.475936764307616555e-01
1.535668882427314308e-01
1.502219914667656808e-01
1.403579828725683154e-01
1.315904244391483402e-01
1.344478916163755200e-01
1.507744714093877669e-01
1.703214855787997528e-01
1.804081252117498979e-01
1.760870418058483322e-01
1.633535258412934787e-01
1.542585625757594003e-01
1.573961943060882551e-01
1.721782897279627300e-01
1.909548302977875922e-01
2.024707929382190963e-01
1.995176199684579321e-01
1.869747351780933486e-01
1.786393544764880992e-01
1.827702180205683924e-01
1.951413192010210129e-01
2.074937191382744683e-01
2.150184089157047007e-01
2.179588286435804045e-01
2.183279762196323748e-01
2.150803146339507199e-01
2.092890707563152541e-01
2.078465040313629830e-01
2.171170974846725055e-01
2.341352532190743296e-01
2.479507924620961978e-01
2.505013575618707522e-01
2.420333614665591271e-01
2.297873035941813413e-01
2.249439602731509447e-01
2.347536482071945207e-01
2.551809797419969383e-01
2.732800607014270744e-01
2.773180893938989588e-01
2.661696947283514469e-01
2.519663366798354232e-01
2.476472472723451890e-01
2.564957972375206396e-01
2.737178952952293298e-01
2.906501976863055670e-01
2.994846744994610344e-01
2.958485490460620593e-01
2.826673445506079907e-01
2.717882637480037444e-01
2.758249374214675198e-01
2.947726809073809018e-01
3.147570955012641836e-01
3.224339750254058834e-01
3.162675095513010071e-01
3.053819025983458557e-01
2.996229734559049396e-01
3.029959926289151340e-01
3.145567518077350133e-01
3.291204705165375333e-01
