1.483429667737854406e-04
1.040506595766183418e-03
1.529364644516993839e-02
3.156601144123016844e-02
3.769453767797184551e-02
4.900612900867878236e-02
7.492466410049797298e-02
9.835648674556785043e-02
1.171618368081366879e-01
1.406223652325868656e-01
1.759053636134391696e-01
2.071889863381154440e-01
2.533503016874270042e-01
2.861173488235846940e-01
3.366923968911083032e-01
3.877800749307683259e-01
4.470686271380687749e-01
5.110601307659740078e-01
5.640444082899929157e-01
6.525108968198034542e-01
7.324327819617659774e-01
8.040139530508927379e-01
9.037514426980959303e-01
1.005895522437576073e+00
1.090230436024167027e+00
1.190297021227906926e+00
1.292664177345304255e+00
1.404641067285208322e+00
1.505111201951934374e+00
1.606563995171258030e+00
1.707111336744458585e+00
1.814780968896471558e+00
1.903621638172285024e+00
2.018547055047097416e+00
2.096780685143770029e+00
2.216496265633915552e+00
2.338523487091254793e+00
2.462255493813728879e+00
2.605656142524781504e+00
2.761378056388878122e+00
2.927407433105238876e+00
3.092649300681214353e+00
3.033445723186182441e+00
2.868026419713745057e+00
2.701708161347350146e+00
2.539344348801877427e+00
2.392949027184086308e+00
2.249272967121559219e+00
2.095948605985664681e+00
1.957699325195427997e+00
1.784581866583101029e+00
1.586879366331853891e+00
1.379283098030520183e+00
1.164024294972802798e+00
9.232388101840062200e-01
7.424261074954912054e-01
5.482094575591608399e-01
3.539332972259749410e-01
1.773395755564579346e-01
1.156414969660187440e-02
2.165313527047898479e-01
4.256348164679550350e-01
6.903680444080847467e-01
9.473899548265165560e-01
1.194172714097619270e+00
1.431750522572906581e+00
1.637149431797912724e+00
1.839617332296906271e+00
2.061894907799552534e+00
2.306678771633098535e+00
2.566434640670917311e+00
2.846104176430395594e+00
3.140524809794624339e+00
2.872645437423665182e+00
2.633012710882734364e+00
2.410501840452823785e+00
2.149326382868309793e+00
1.885368411517645448e+00
1.562479267255802329e+00
1.238819857491485710e+00
9.436233689457090845e-01
6.727143429122589557e-01
4.107559495782237557e-01
1.652646932181210671e-01
1.526015405073304354e-01
4.803770571944031564e-01
8.299294380401058824e-01
1.148347387896788918e+00
1.435303176023802418e+00
1.710681136750691778e+00
2.004887949696691152e+00
2.363470788211092799e+00
2.731358632264154096e+00
3.086297790215538850e+00
2.883188297025661484e+00
2.583063287889118431e+00
2.256393340660354241e+00
1.908576638514391854e+00
1.495509638336021796e+00
1.139620042972813163e+00
