9.977786545290951992e-01
9.861720312095182406e-01
9.444780984833085480e-01
9.813815590232173314e-01
9.545310378585735167e-01
9.959975569832093534e-01
9.904503889867359856e-01
9.803106614166074984e-01
9.939149688990513987e-01
9.802184507551796600e-01
9.410770149273617324e-01
9.909783716535851550e-01
9.549037759765620637e-01
9.468615013457204466e-01
9.557537923672982938e-01
9.466949720398756263e-01
9.431349974635067079e-01
9.928757950844737667e-01
9.519151595549185663e-01
9.946192181125237397e-01
9.561083870136165563e-01
9.404805147999126813e-01
9.432722041639596267e-01
9.661210040930835463e-01
9.902920785045696839e-01
9.496211060671249093e-01
9.955250693141408647e-01
9.535352067825868527e-01
9.402127325190701157e-01
9.496339743518835697e-01
9.399446873356319676e-01
9.689782458361834161e-01
9.820711185470739624e-01
9.495557936076224337e-01
9.665200974336887185e-01
9.889891288900839461e-01
9.917937872626985119e-01
9.926137130871974801e-01
9.686623719062669169e-01
9.476178692141827842e-01
9.931927583917686819e-01
9.528362706316306774e-01
9.555193335511142916e-01
9.734969273531838274e-01
9.677689191419538428e-01
9.512613274870941327e-01
9.543581452715661495e-01
9.895414838469485108e-01
9.528366377342201154e-01
9.538148335672417266e-01
9.835147940812966061e-01
9.842023407853283112e-01
9.665457861206875334e-01
9.417734870092256960e-01
9.844608527504699058e-01
9.547456915892670315e-01
9.922072465172102618e-01
9.783018569805382869e-01
9.684585398872171957e-01
9.744695847147406553e-01
9.922474595990986579e-01
9.609925624635140551e-01
9.755476518466493774e-01
9.458236644165519680e-01
9.819848885073467759e-01
9.971285497454265290e-01
9.920263674751155225e-01
9.815297342141402481e-01
9.418886328727668067e-01
9.877014317533454602e-01
9.455040642928007610e-01
9.828891971650517423e-01
9.945282243704212100e-01
9.930581041146346877e-01
9.889096085511176470e-01
9.534419390129910132e-01
9.641837669389323739e-01
9.716551772302658430e-01
9.910649625337313307e-01
9.596306646516048477e-01
9.496862234896376043e-01
9.562429142502604229e-01
9.839436841805352385e-01
9.767822683115866544e-01
9.595134744795847936e-01
9.658948989150057951e-01
9.930539561562491402e-01
9.914140839178422482e-01
9.936581207915528013e-01
9.938434128782185351e-01
9.523425173182278325e-01
9.837098332668139378e-01
9.455631743822673352e-01
9.929312296478148836e-01
9.907307457751612922e-01
9.874926138508577367e-01
9.903219606564266364e-01
9.660451275887526057e-01
9.568026404537061103e-01
9.804999040957981249e-01
