1.205075627546259198e-09
8.624962776326456303e-10
5.721757332113589356e-10
3.586918762279794569e-10
2.271271263019010231e-10
1.694993870834442978e-10
1.723103811021085490e-10
2.243676352680259133e-10
3.227766975807942644e-10
4.765067552037713542e-10
7.077300607204597902e-10
1.051710315375948147e-09
1.553110186545533955e-09
2.262147013482358629e-09
3.227256991992797118e-09
4.494320964488005707e-09
6.116429901276149135e-09
8.180751751211743541e-09
1.085061467585472724e-08
1.441548629445198867e-08
1.933410292463009451e-08
2.632290104537547399e-08
3.647311920093117049e-08
5.131938887548714879e-08
7.273758299297031011e-08
1.029599841235377420e-07
1.445068138360440661e-07
1.991623790350292778e-07
2.673427267841606553e-07
3.477657024014335005e-07
4.357048479471207661e-07
5.230909877590632167e-07
5.928414066022631084e-07
6.262047798335014971e-07
5.931362100158927127e-07
4.547040689852203391e-07
1.751163062891262952e-07
2.942281587070677375e-07
9.897014817748475294e-07
1.935750647062463145e-06
3.115013028259795663e-06
4.513112202400570396e-06
6.076447229319229009e-06
7.709844777114833501e-06
9.279954764630897140e-06
1.060416050998002119e-05
1.147166584736183478e-05
1.166435013921140941e-05
1.097916477346472364e-05
9.217981242378840587e-06
6.162070632565426710e-06
1.732722520988357962e-06
4.003022360138819646e-06
1.087516490864175181e-05
1.845002062923657094e-05
2.646139816257589382e-05
3.457355604782555723e-05
4.190930351934999499e-05
4.719086262970163191e-05
4.950886175247977362e-05
4.816410952615139468e-05
4.247702383921927462e-05
3.160112798911945655e-05
1.489259852955860510e-05
7.526325349204751361e-06
3.440945551455430767e-05
6.450870734870443022e-05
9.612139755916571972e-05
1.271702594975003824e-04
1.546321727413536439e-04
1.737639121731432900e-04
1.806203789288181891e-04
1.723562478786767058e-04
1.463108486712323296e-04
1.006403565166106250e-04
3.491012582415253899e-05
4.815306265367516717e-05
1.434619583874484773e-04
2.448752530052794086e-04
3.440521826154659536e-04
4.297574835629168802e-04
4.887404587835867363e-04
5.063996759981347897e-04
4.705920751762758861e-04
3.792849371715525161e-04
2.367141897086378071e-04
4.968509305313656269e-05
1.730377909769681042e-04
4.086557493175022623e-04
6.212137044650929392e-04
7.869194241372064408e-04
8.921584719159401282e-04
9.222311220478164335e-04
8.621853134011367610e-04
7.031819472576764747e-04
4.563386671504183860e-04
1.274228149517503709e-04
2.695690054814672159e-04
7.051600126504273952e-04
1.115717390372960314e-03
1.432717526668289510e-03
1.620334193878149613e-03
1.656068055680384688e-03
1.508308978458415724e-03
1.180285258558581764e-03
7.325845020063596500e-04
1.862417324435506022e-04
4.178579108056754490e-04
1.043013014350121538e-03
1.648608833389502565e-03
2.155114965927434467e-03
2.495193916495812986e-03
2.637061739358929988e-03
2.584124134089651418e-03
2.336782888651047201e-03
1.903225250037692516e-03
1.313295003004635083e-03
6.301790878971205972e-04
1.191821501765805743e-04
8.718401693373695671e-04
1.542222444203352914e-03
2.089501935732442604e-03
2.492427780176156068e-03
2.706767302421901004e-03
2.713237477954821408e-03
2.511279630481250916e-03
2.111124063950499657e-03
1.543680605608121342e-03
8.573280801805218104e-04
7.334799899739750180e-05
7.792906198646574068e-04
1.644201206400195845e-03
2.446978272854480156e-03
3.129003202636630992e-03
3.632912276685055369e-03
3.873933984674103950e-03
3.799895753806524761e-03
3.414232164732441347e-03
2.731342082083414603e-03
1.778274244859360913e-03
6.030658740878702944e-04
6.920589896277590334e-04
2.001737983205307929e-03
3.227994577376905490e-03
4.266173072328639446e-03
4.968947488041856528e-03
5.183880148969204245e-03
4.888001225723973692e-03
4.144460947148361461e-03
3.021542293579783638e-03
1.629090413215361372e-03
1.240055751832105997e-05
1.706495295941008608e-03
3.356759968549096352e-03
4.747857938916182942e-03
5.741692735265856509e-03
6.278404241715765041e-03
6.348064727930723995e-03
5.937890562653402524e-03
5.060091412765028822e-03
3.768603518933350428e-03
2.155665400473481385e-03
3.542570839774528873e-04
1.510815213299429105e-03
3.309642368818514584e-03
4.837560707561544375e-03
5.961749406334745059e-03
6.602954638418453807e-03
6.690072788598983022e-03
6.197317164716863343e-03
5.150227077094997330e-03
3.652274689082170723e-03
1.833117712428165933e-03
1.503172497886248065e-04
2.094652156230318411e-03
3.813360270859136349e-03
5.183558757160772017e-03
6.128840575182387812e-03
6.579202699393022803e-03
6.458786238524000245e-03
5.758434412683159989e-03
4.522727446698985784e-03
2.855775942983187696e-03
8.789664904583621968e-04
1.269937850102003177e-03
3.381359681065235039e-03
5.278399841249100354e-03
6.785050105436827607e-03
7.777648916715371868e-03
8.196300566244575647e-03
8.026742251417940191e-03
7.259295851529792669e-03
5.974140079206207744e-03
4.325952941547486774e-03
2.431427739464914108e-03
4.525121622826738647e-04
1.390144053871494563e-03
2.985621291050305319e-03
4.230816406876043365e-03
4.983941009814208019e-03
5.200076856809789441e-03
4.919175529282733550e-03
4.180481235453356245e-03
3.032236046690054820e-03
1.551833215397512835e-03
1.272273276747897745e-04
1.831772954469314089e-03
3.420589757520763486e-03
4.789341339367186173e-03
5.829233387650480797e-03
6.449642780449303496e-03
6.648430967188197899e-03
6.448766045195884235e-03
5.850130317203157231e-03
4.927225323857691019e-03
3.778423710342847849e-03
2.526640224515363901e-03
1.309691093334585266e-03
2.195493535162067677e-04
6.926900813070841498e-04
1.365717273977997206e-03
1.755165469394008625e-03
1.832249207759599008e-03
1.561578780719795985e-03
1.007235809754433199e-03
2.928518817454504766e-04
4.924483024098774524e-04
1.303517510263325864e-03
2.054373064427208757e-03
2.647320666952600668e-03
3.063593878155199905e-03
3.307385267008581837e-03
3.377991342768392122e-03
3.298144806552518599e-03
3.137843152183924286e-03
2.993043431226714412e-03
2.906576436752937326e-03
2.845861997426672382e-03
2.784816634459325209e-03
2.757159064172563009e-03
2.786632775623875714e-03
2.845873561956855247e-03
2.857773325214685994e-03
2.782612082220285547e-03
2.642811874556055297e-03
2.475247768432110775e-03
2.265055896762331687e-03
1.987543610827861417e-03
1.690913670162719207e-03
1.431924797270289719e-03
1.182088395374566612e-03
9.620209859064682897e-04
8.349167786726303898e-04
8.359498888467331969e-04
9.980515581394120914e-04
1.334182689944092689e-03
1.796327597544716739e-03
2.336523924117357796e-03
2.881101781285741459e-03
3.357886016124961206e-03
3.758268828414497963e-03
4.083336022780193440e-03
4.292251227875619815e-03
4.324713920181935851e-03
4.138587444152818685e-03
3.752520313051281153e-03
3.230314507642637317e-03
2.597245459634028083e-03
1.919936595456242165e-03
1.313070422635169432e-03
8.214662263453143161e-04
4.406887323881434108e-04
1.365481636752646473e-04
4.843178506845840050e-05
3.764321967770232412e-05
1.977310636669441207e-04
6.023966949804073672e-04
1.051971047147449859e-03
1.477326103045180188e-03
1.975372986564755649e-03
2.531061204187253291e-03
2.992974767792370722e-03
3.378737267626278056e-03
3.728842515298569447e-03
4.015856213421304007e-03
4.189105985409121748e-03
4.209899906564166204e-03
4.066977702090031344e-03
3.781589838581306956e-03
3.437117552494547892e-03
3.100161066686920892e-03
2.789106262761624488e-03
2.499461401171482449e-03
2.265748217342383828e-03
2.113732769249691834e-03
2.013756000741629207e-03
1.988717426516759066e-03
2.033239359670480518e-03
2.069303528949370183e-03
2.053686276219982964e-03
