3.184602569654999008e-05
4.445680567022122103e-05
5.029170139419192976e-05
5.081919598914987925e-05
4.833383545330142874e-05
4.567012865362093412e-05
4.573046468493728231e-05
5.092339033899591474e-05
6.264724779869569149e-05
8.097180807057141540e-05
1.046449730595619588e-04
1.314757937563806216e-04
1.590380338502573590e-04
1.855422481637068895e-04
2.106785444606247288e-04
2.362475800287894604e-04
2.664434600332419656e-04
3.077233557106263538e-04
3.682558825675604874e-04
4.569879196492801846e-04
5.824110105777099500e-04
7.511144125135091288e-04
9.662686402822314759e-04
1.226150555741467455e-03
1.522929670619174681e-03
1.841935232119431155e-03
2.161595000782898148e-03
2.454386251318434620e-03
2.688845371003377362e-03
2.832587423099998305e-03
2.856524363904355476e-03
2.738292092908868342e-03
2.467718634055685815e-03
2.050007725511377929e-03
1.507818791516546929e-03
8.814056897459217636e-04
2.267013960216254288e-04
3.889447107049830458e-04
8.938354201812975753e-04
1.218808722891755614e-03
1.304699357156436246e-03
1.111672334217223305e-03
6.246868847604973444e-04
1.427744410139076831e-04
1.147327807161117093e-03
2.317500793666877560e-03
3.559249758398258696e-03
4.764267475246955486e-03
5.820401954229540223e-03
6.623446086483978680e-03
7.088350153414183473e-03
7.158008171434527590e-03
6.809739477193077137e-03
6.059515547057692242e-03
4.961389769028819868e-03
3.603218810359703431e-03
2.099075413082093430e-03
5.788998826405551690e-04
8.231134384528688381e-04
1.978871510945941475e-03
2.777925789382221147e-03
3.136381721934044381e-03
3.004679728777032762e-03
2.372882979047936242e-03
1.272317723086371401e-03
2.261229181394758660e-04
2.015885942886859114e-03
3.962137812988627932e-03
5.913434153357305552e-03
7.712988896656558513e-03
9.210415642971694558e-03
1.027520591481418354e-02
1.080940128269069350e-02
1.075569275257528060e-02
1.010219697431840279e-02
8.887554055259476449e-03
7.199922173628791125e-03
5.167809231682937363e-03
2.955953130400939925e-03
7.501306672800159671e-04
1.259651109908016585e-03
2.888537762914329850e-03
3.978737253446725831e-03
4.419663212053994913e-03
4.151307976103310940e-03
3.173398596976368963e-03
1.548295433355606921e-03
6.019391180552847434e-04
3.102809439702093088e-03
5.741061295954369946e-03
8.289519130195202243e-03
1.052606839662491300e-02
1.225049621720149251e-02
1.330893260750817646e-02
1.360413708588648768e-02
1.310498279107106916e-02
1.185513843753370836e-02
9.972029038192218794e-03
7.635837629648097036e-03
5.068062959608662411e-03
2.505311783583897504e-03
1.827305882666226502e-04
1.689404393556761218e-03
2.941243081019829370e-03
3.460031683024388481e-03
3.214058954441738423e-03
2.244901564772835371e-03
6.520205506506821782e-04
1.410213862529811034e-03
3.749276754870336549e-03
6.156275185270588049e-03
8.421646599455920312e-03
1.035256353071782251e-02
1.179332092349389370e-02
1.263995978570318403e-02
1.284965105031004792e-02
1.244080128954888100e-02
1.148005652302767216e-02
1.007782987849260327e-02
8.378496846868137282e-03
6.546256407122276293e-03
4.751640654091150717e-03
3.155835746822459407e-03
1.893747084547586692e-03
1.061905656044679659e-03
7.121285053798558258e-04
8.511938836231715743e-04
1.443509340173129620e-03
2.415767703455946793e-03
3.663659722329696590e-03
5.060032252230081337e-03
6.469180647951762279e-03
7.763234942479726140e-03
8.833710859266180604e-03
9.603590191612384336e-03
1.003086460769948840e-02
1.011296381696700879e-02
9.884468045657686386e-03
9.405879866023919914e-03
8.757852590981062696e-03
8.029048194380189463e-03
7.306775492896829850e-03
6.668066933866453189e-03
6.170397452718938067e-03
5.845666780391295218e-03
5.698740587362844875e-03
5.717198497048087309e-03
5.873487068762717027e-03
6.129192013885462545e-03
6.439347222705878691e-03
6.760971589354562716e-03
7.060016980234973608e-03
7.310722553910506405e-03
7.499126842696631282e-03
7.625409662887428636e-03
7.698141536653775596e-03
7.724730620388765498e-03
7.719217030376684247e-03
7.700232982258442549e-03
7.690264541332248599e-03
7.713563687187483670e-03
7.791085742539392497e-03
7.936769114401255598e-03
8.146589373598541947e-03
8.414885294419797990e-03
8.713615200482223780e-03
9.014773343868253547e-03
9.284654098475411677e-03
9.484852404682634838e-03
9.579977565362976857e-03
9.547673890928842430e-03
9.377752539521680419e-03
9.079033789553079409e-03
8.678456367277653793e-03
8.225134510272898852e-03
7.778246821572290179e-03
7.399710287980594547e-03
7.147632436910462787e-03
7.064443937020717205e-03
7.176814784978573572e-03
7.484782844424931608e-03
7.962909004209331454e-03
8.563684075990257716e-03
9.221098124532098664e-03
9.863127173453997004e-03
1.041724478916291469e-02
1.082462770737641425e-02
1.104529298175753460e-02
1.106151790927592873e-02
1.087852717933037762e-02
1.052392473840237617e-02
1.005265427652744271e-02
9.535912468103150547e-03
9.049550732428655875e-03
8.651821360814212353e-03
8.390863430816941290e-03
8.299084024279224439e-03
8.390871426767851360e-03
8.664246441357938491e-03
9.095670096762702161e-03
9.639627851240218509e-03
1.024073383136997993e-02
1.084375660759039940e-02
1.138438582892203378e-02
1.180996216382827584e-02
1.206826342012721869e-02
1.212393876810349130e-02
1.197292370782064921e-02
1.162862802050354180e-02
1.112376936248454275e-02
1.051149967852411417e-02
9.875885962588320729e-03
9.285921023399987609e-03
8.810430105612131191e-03
8.514809958326633246e-03
8.444060536579870574e-03
8.618406258834032663e-03
9.031219010909856404e-03
9.654105848547065577e-03
1.044142007210914665e-02
1.132897026364718639e-02
1.223745879730709328e-02
1.308595294286230178e-02
1.380244566602520720e-02
1.432631634624541989e-02
1.461534789361731979e-02
1.464885740895962261e-02
1.442093599269046560e-02
1.394482283014047454e-02
1.325972194494953391e-02
1.241913001431147780e-02
1.148193223376126233e-02
1.052159951650277064e-02
9.609867736610802971e-03
8.816841193504813476e-03
8.215770084447108004e-03
7.874116945048099253e-03
7.838400352838881952e-03
8.132275192356238150e-03
8.762292508382781703e-03
9.702348976826315544e-03
1.090357878353771272e-02
1.229342309305394079e-02
1.376627996457263810e-02
1.519979178367394587e-02
1.646828711436161552e-02
1.746015679098002898e-02
1.808360492003359063e-02
1.826969701564606571e-02
1.799065182994906420e-02
1.725720964019792150e-02
1.610695712988524306e-02
1.462809661587790785e-02
1.294940467824005556e-02
1.121491231301509871e-02
9.567505689469525329e-03
8.140363793304692189e-03
7.059013081111392175e-03
6.435903500476116042e-03
6.339735374039745346e-03
6.793487224678911723e-03
7.784184535646081725e-03
9.259005589152735985e-03
1.111780423161017918e-02
1.321889910039100550e-02
1.539966975681173085e-02
1.748970428419440240e-02
1.931590807481014735e-02
2.072483212149525342e-02
2.158250036626284743e-02
2.180072745551083629e-02
2.134258330819182453e-02
2.023173577547214205e-02
1.855410747477457406e-02
1.644258805922634362e-02
1.407833011069099111e-02
1.166025400626165276e-02
9.411197601985405586e-03
7.535011447753711157e-03
6.210589445957798334e-03
5.565716567801690280e-03
5.668622481372160779e-03
6.521751716560586151e-03
8.060526266978711857e-03
1.014853273809674175e-02
1.260975813739570461e-02
1.523884344685152124e-02
1.781143521037489158e-02
2.010766458572351562e-02
2.193994602337626457e-02
2.315968572050986635e-02
2.367385236360626879e-02
2.345326616814733325e-02
2.252446122924823060e-02
2.097359761902600067e-02
1.894604016257572451e-02
1.660935297317085724e-02
1.418982826691019342e-02
1.189472925492933778e-02
9.932748381711056784e-03
