4.382583214854041115e-05
4.146962817715003940e-05
3.748009912807510630e-05
3.279527008674145810e-05
2.810528386055771908e-05
2.376163100195924593e-05
1.974579379534057029e-05
1.565854253100313603e-05
1.069428961948667546e-05
3.597658130743051430e-06
7.366712030628152790e-06
2.439543784915597922e-05
5.004446060780145660e-05
8.698741277238728733e-05
1.375747920984017971e-04
2.031860109554855989e-04
2.835115045008160316e-04
3.760046508359900686e-04
4.757038087418575091e-04
5.753750621057009389e-04
6.657683608741532186e-04
7.359618306778004538e-04
7.742400544684735009e-04
7.701027056433253949e-04
7.173330732783916126e-04
6.172437615780513405e-04
4.806815364979165686e-04
3.283664097634762628e-04
1.903569832160204869e-04
1.056994273758179412e-04
1.180822254748983401e-04
2.742098747546739459e-04
6.097713047501844520e-04
1.140291011424348971e-03
1.851054671958529164e-03
2.693728577423532000e-03
3.587906879586028226e-03
4.426373232199481804e-03
5.082114645743018508e-03
5.419879746181657104e-03
5.315386682802620937e-03
4.681395763018542967e-03
3.497078601193605567e-03
1.818502642791598213e-03
2.227915902224788982e-04
2.433592543822557779e-03
4.571961240130048044e-03
6.361710014506066942e-03
7.517401834742240552e-03
7.785584382291255851e-03
6.991882484379770279e-03
5.085949213082021844e-03
2.157259430837301078e-03
1.572037533755030279e-03
5.760202436929866276e-03
9.975409186250446675e-03
1.374063021943265975e-02
1.658323258118435742e-02
1.809615464454431347e-02
1.799932390628472198e-02
1.619411221067551879e-02
1.279267115799063471e-02
8.095657897448890403e-03
2.557560723494251443e-03
3.252293661301772741e-03
8.716348415690111304e-03
1.324303204520418595e-02
1.633175100402833174e-02
1.763484586819320105e-02
1.701761065183532082e-02
1.455613823651952070e-02
1.050168233001661650e-02
5.247352492269445091e-03
7.164914641788146157e-04
6.843282680848358605e-03
1.259213684445240067e-02
1.749724607193455655e-02
2.118516228864877546e-02
2.340215669597889986e-02
2.403645748972073337e-02
2.308758727890668216e-02
2.063443506893855584e-02
1.683746393624158469e-02
1.191731026022832020e-02
6.164415883708748017e-03
6.444553357754755345e-05
6.376340124423956687e-03
1.233110271942424070e-02
1.742223450524696751e-02
2.113483878597144372e-02
2.302275515050197091e-02
2.273434910501346065e-02
2.006353849062542105e-02
1.500678029749874347e-02
7.812520146761483056e-03
1.013670865795659277e-03
1.071889738236951259e-02
2.034359186723731783e-02
2.886417809366721710e-02
3.531911048273041892e-02
3.892852280707305435e-02
3.921191405026852594e-02
3.603131561188390591e-02
2.962406039017638493e-02
2.062670401531399925e-02
9.992356628097779497e-03
1.135662585266667768e-03
1.157250141727685609e-02
2.024536058400164262e-02
2.633841125077475073e-02
2.936967277331165374e-02
2.920311020306801120e-02
2.600125949039900144e-02
2.019594308289460183e-02
1.248028833586894634e-02
3.720746599487476190e-03
5.179603171248121224e-03
1.340235835459401351e-02
2.032699680609146783e-02
2.552418098970907559e-02
2.875217218816612449e-02
2.990882379910164701e-02
2.902420147686816942e-02
2.627984804145362674e-02
2.199024390712370214e-02
1.654830739561715530e-02
1.040888534789456525e-02
4.030130571441816432e-03
2.139074081678490717e-03
7.661631345524830446e-03
1.211895909214347374e-02
1.512064460649529575e-02
1.634232597268075668e-02
1.563352701606211467e-02
1.308784788045558138e-02
8.984048743196144937e-03
3.742620122885123839e-03
2.097160578563505087e-03
7.898477423779992970e-03
1.306996838330662034e-02
1.712939811703007367e-02
1.972622500545621882e-02
2.067444702128429235e-02
2.000336322364081737e-02
1.796430612216924627e-02
1.494308471691691877e-02
1.137671933955930643e-02
7.726878180663025730e-03
4.412333002065580399e-03
1.768181551422106507e-03
1.693721036472277335e-05
7.958909770909732874e-04
8.057396277458075701e-04
2.279389781511151846e-04
6.940701820464316137e-04
1.762690416329507461e-03
2.795511454637153101e-03
3.646651391659963895e-03
4.285258939872303371e-03
4.709085947494564585e-03
4.932718840848496732e-03
5.063770719563999087e-03
5.246652852148722332e-03
5.557220116815498982e-03
5.984720174657546903e-03
6.459548142107035193e-03
6.918432490523363648e-03
7.347325288280732655e-03
7.754939376587786752e-03
8.145034080084153499e-03
8.505103581184822459e-03
8.825034470881171558e-03
9.135937191247833766e-03
9.460109688003629294e-03
9.783770512888938578e-03
1.006866479833981066e-02
1.017853386280794317e-02
9.922698828192787548e-03
9.190622470150070639e-03
7.951998594906797488e-03
6.294013732499169171e-03
4.403703771592477542e-03
2.493234269702216278e-03
7.767786157939374301e-04
4.486882272698619850e-04
9.334405188134579142e-04
5.427986519849682277e-04
7.619804852734956419e-04
2.904908578457457598e-03
5.671449050873004008e-03
8.732029881959832082e-03
1.168487147697249741e-02
1.417219665754338755e-02
1.590430543466388874e-02
1.664063844959479468e-02
1.626199884839397633e-02
1.482944057318804319e-02
1.254014486586977825e-02
9.654382587565103757e-03
6.488981542156254355e-03
3.410997119788204777e-03
7.450601034987203077e-04
1.193319462504985893e-03
2.161542341977429251e-03
2.039933728053094659e-03
8.583268416019773119e-04
1.233296069555172864e-03
3.993469938399919761e-03
7.106801640114188481e-03
1.020496731783092359e-02
1.291188113632002997e-02
1.488787596987894805e-02
1.584728899737941621e-02
1.568442409746773764e-02
1.444861574359675854e-02
1.228720825538174265e-02
9.489950778401661305e-03
6.439276627769646884e-03
3.535386240590436633e-03
1.120923463529041987e-03
5.260574215861770148e-04
1.190339277298283621e-03
7.652680250802910804e-04
6.891081154341975904e-04
2.943528144767172585e-03
5.638176374929700953e-03
8.380869745588307232e-03
1.084630269040744339e-02
1.278637257588042045e-02
1.404074929263282243e-02
1.456775313236396106e-02
1.443448274543024032e-02
1.375649738466228067e-02
1.267805944714476933e-02
1.135978888517398880e-02
9.967056215132608088e-03
8.596862430629568716e-03
7.277423405230515688e-03
5.977880572309789489e-03
4.637721206880650662e-03
3.231740521004930478e-03
1.773437939050944313e-03
3.252976430617420932e-04
9.241351081454063409e-04
1.705082899004990585e-03
1.757965828532516471e-03
8.961522089350016729e-04
9.915789809450258497e-04
3.902063967521745766e-03
7.693741634993688308e-03
1.207955054556582482e-02
1.661645823207515832e-02
2.079544841386916573e-02
2.411876489063803641e-02
2.617251040280359556e-02
2.659284216969295608e-02
2.521476494225426135e-02
2.220040625578312624e-02
1.779924519571987954e-02
1.239561351882293924e-02
6.547449196097281966e-03
8.942496158025038883e-04
3.982656222131699536e-03
7.650250184444165602e-03
9.842574185328542211e-03
1.044612371998388488e-02
9.464109803836202525e-03
7.028892761294500656e-03
3.354977582972014719e-03
1.290836152370567185e-03
6.577106910730502395e-03
1.213452837605895514e-02
1.761939362966744721e-02
2.271510016339195817e-02
2.708607638949255339e-02
3.039534842105986318e-02
3.232614681567328591e-02
3.258058021475116611e-02
3.097567199103055946e-02
2.753430709035663976e-02
2.236302981690350619e-02
1.571950008789316580e-02
8.083193258009642099e-03
1.471309296275127008e-04
7.336329955274148787e-03
1.363269468788691312e-02
1.809924213640178720e-02
2.020993526004831106e-02
1.962310746724842472e-02
1.626155079650756091e-02
1.031563603248212765e-02
2.247940013710711740e-03
7.188976873734244377e-03
1.706192338496555910e-02
2.641632688646572066e-02
3.437553470673875705e-02
4.021332152596189535e-02
4.343075813382331340e-02
4.375875894271517852e-02
4.115702717372422825e-02
