-1.297670536002400077e+01
-1.298836654104678345e+01
-1.298145719445434665e+01
-1.297776976336425747e+01
-1.300258660993198490e+01
-1.301117364549145528e+01
-1.299890646196180022e+01
-1.298724237700594841e+01
-1.298360278998013051e+01
-1.298559638451444975e+01
-1.299033396897760539e+01
-1.299243658513181821e+01
-1.299651887558747809e+01
-1.299663558139735109e+01
-1.299092624461024492e+01
-1.298806160252813591e+01
-1.299121538072054705e+01
-1.299532192433757238e+01
-1.299480834080261538e+01
-1.298972033299963336e+01
-1.298860904655865411e+01
-1.298657093212633917e+01
-1.298916901191723028e+01
-1.299869046607097012e+01
-1.299606348143074008e+01
-1.299465803862940305e+01
-1.299419658833252100e+01
-1.299547920157033332e+01
-1.298049165967892016e+01
-1.297363110184586610e+01
-1.299591053781296601e+01
-1.300381753549251940e+01
-1.299815704825431695e+01
-1.299967342986444230e+01
-1.300092235967681020e+01
-1.297845442865043530e+01
-1.296762403980054046e+01
-1.298835177559235809e+01
-1.300162541639515190e+01
-1.300070477172573646e+01
-1.300495958937566776e+01
-1.300097308451717559e+01
-1.298150423917377516e+01
-1.297492276467151484e+01
-1.298173997293930704e+01
-1.299275117678570979e+01
-1.300369625464088763e+01
-1.300514347593910891e+01
-1.299287360508134626e+01
-1.298335810197747442e+01
-1.298573982377500258e+01
-1.298869493709484679e+01
-1.299343490882015928e+01
-1.299809150817159242e+01
-1.299030676753021218e+01
-1.299049807448476379e+01
-1.298953730108473970e+01
-1.298591883703437055e+01
-1.299758374853831100e+01
-1.300223000089656011e+01
-1.299342958935154968e+01
-1.298293219525610276e+01
-1.298742387616577787e+01
-1.298574419578103800e+01
-1.298558994731518013e+01
-1.299791440649211083e+01
-1.301057954212871515e+01
-1.300233187250545974e+01
-1.297926466462535622e+01
-1.297969122212943205e+01
-1.298994257972637634e+01
-1.298323888245773716e+01
-1.298673104473847495e+01
-1.301385546994312570e+01
-1.300745671728726549e+01
-1.298527594137134855e+01
-1.298713623124167427e+01
-1.298702125793912465e+01
-1.297519607734637681e+01
-1.298428427780832450e+01
-1.300744368010681917e+01
-1.300752614270886731e+01
-1.299424559353222008e+01
-1.298934003100298717e+01
-1.298464695528670454e+01
-1.298255308924469453e+01
-1.298642196845596786e+01
-1.299310463685407946e+01
-1.300246494144304599e+01
-1.299822658886131066e+01
-1.298868479494807460e+01
-1.298487319762808490e+01
-1.299238636600037644e+01
-1.299105780711343527e+01
-1.298908765266428667e+01
-1.299867584643912544e+01
-1.299457760632633629e+01
-1.297973546538015199e+01
-1.298279751258071713e+01
-1.300116370649567799e+01
