-4.233253802069798510e+00
-4.215664757626035986e+00
-4.206807626672917522e+00
-4.204869746024351151e+00
-4.219239358194056599e+00
-4.224753893810151872e+00
-4.224217179595536109e+00
-4.221736899530201370e+00
-4.214359236583264945e+00
-4.209064527107380549e+00
-4.206225699345218949e+00
-4.223171852081776478e+00
-4.227371619504880051e+00
-4.218364980072331960e+00
-4.213202939972894967e+00
-4.209199312115176284e+00
-4.214511171007416124e+00
-4.216532917480821041e+00
-4.222708332491478700e+00
-4.216897626602867710e+00
-4.209565751566591629e+00
-4.216248899956299034e+00
-4.219219551675981172e+00
-4.222567376701295672e+00
-4.217926337554735561e+00
-4.218227679871087155e+00
-4.211395314195547357e+00
-4.201091190355552563e+00
-4.215922957242924873e+00
-4.228793490211499417e+00
-4.223858624999394351e+00
-4.206253141447141353e+00
-4.204841503608199638e+00
-4.207174657390596373e+00
-4.210675212017523705e+00
-4.232679345421613171e+00
-4.231353134037322938e+00
-4.217708013913861187e+00
-4.209498454926668742e+00
-4.208262956216501927e+00
-4.211097848104392583e+00
-4.218466448154909898e+00
-4.235426786786922193e+00
-4.227876365598154607e+00
-4.211214905369518924e+00
-4.202786298437779067e+00
-4.209677803006780294e+00
-4.222915986570676239e+00
-4.221007351147590292e+00
-4.224079669517925240e+00
-4.217835749031209502e+00
-4.210819244871299993e+00
-4.212851219981405215e+00
-4.217900659046915024e+00
-4.223295802712330627e+00
-4.218013082736780106e+00
-4.219547890178954042e+00
-4.213001123039362916e+00
-4.209844028811762229e+00
-4.220997675051892273e+00
-4.224718987335845277e+00
-4.222418848856695384e+00
-4.209946684531082894e+00
-4.211050907285124545e+00
-4.219653493045548487e+00
-4.224967968981725441e+00
-4.224685064376651589e+00
-4.216065939444900934e+00
-4.215581148142519829e+00
-4.205769112133650012e+00
-4.209862757991613691e+00
-4.225724780034838091e+00
-4.226426237018300114e+00
-4.221026386829541899e+00
-4.209734754685157121e+00
-4.204401511497829702e+00
-4.202306942548638347e+00
-4.220443884193391781e+00
-4.236130419306298300e+00
-4.222148087123358096e+00
-4.210908202865408789e+00
-4.206919141563160380e+00
-4.211986999971390588e+00
-4.213423581643597871e+00
-4.223520877750602587e+00
-4.234219737265180861e+00
-4.220208881843358739e+00
-4.210115623383722472e+00
-4.207142032934808817e+00
-4.214156111701338858e+00
-4.219577708040834096e+00
-4.221738189909251204e+00
-4.220641147630876056e+00
-4.203357977704631487e+00
-4.204907243167725461e+00
-4.216850342671800256e+00
-4.220628728640927640e+00
-4.215135628849746574e+00
-4.214638025849018810e+00
-4.219290387027808897e+00
