3.951618611083285160e-04
7.832644626018625544e-03
2.450782011470609145e-02
3.733935809861699262e-02
3.783041422914779073e-02
2.723033778240968594e-02
1.394180923075372114e-02
7.039584767782214314e-03
1.000082934914547916e-02
1.942344304894771945e-02
2.848474441508397348e-02
3.171925413524279147e-02
2.803159456173498487e-02
2.094185574388807147e-02
1.560867895472006772e-02
1.479152977900577426e-02
1.734227044244973648e-02
2.087581604153510018e-02
2.389777486784994132e-02
2.527894495669869013e-02
2.449566299723726637e-02
2.254464144598933295e-02
2.047869215519093622e-02
1.842980839666841231e-02
1.757429086192596746e-02
1.904208229425541354e-02
2.153866430148809741e-02
2.344705722334328168e-02
2.479117413701681372e-02
2.481504060473471718e-02
2.212249508636510154e-02
1.831616192310303592e-02
1.654717762873725295e-02
1.777765176419743298e-02
2.113136243558477734e-02
2.517121557173040980e-02
2.720476103643154620e-02
2.495286684700293023e-02
1.973664888589143906e-02
1.569686280947713009e-02
1.560030481916307998e-02
1.917293562508282090e-02
2.433240567001870858e-02
2.820688492078660126e-02
2.795696391300139805e-02
2.265331780555668306e-02
1.522755950833210026e-02
1.142857779815731334e-02
1.521559494724422645e-02
2.440934957032425690e-02
3.212327977552931202e-02
3.214471489104420154e-02
2.389029656789476430e-02
1.325640732280164436e-02
8.204021218523038783e-03
1.266005237845857501e-02
2.351834451411238813e-02
3.320059126007324224e-02
3.494765591863002729e-02
2.710721972115859302e-02
1.474956556905404614e-02
6.829045263521682507e-03
9.409930193098214879e-03
2.066541392954890366e-02
3.220233936340521907e-02
3.556219768322743668e-02
2.898216035171885530e-02
1.795734859386000082e-02
1.011259562980337812e-02
1.035963265955930357e-02
1.802089631552206139e-02
2.701676047538503767e-02
3.098120083639110955e-02
2.837395384504692863e-02
2.211607202540610828e-02
1.664189874674315561e-02
1.558038579351206376e-02
1.865237895018745373e-02
2.169962001999503620e-02
2.233783847589709826e-02
2.253153083307168902e-02
2.393309216192029965e-02
2.520682068692303712e-02
2.453633874570393392e-02
2.141785089556869082e-02
1.691251927372394714e-02
1.427327133042144425e-02
1.684145667766501209e-02
2.372911053989223973e-02
2.971120404757543465e-02
3.002819768790598864e-02
2.455721979782721220e-02
1.739871936321490953e-02
1.287773452819584996e-02
1.324282665873222076e-02
1.888503459014723163e-02
2.715813005353606702e-02
3.232718410938051345e-02
3.019623845174501664e-02
2.212342959714219681e-02
