-4.181814751030694666e+00
-4.195150125058593638e+00
-4.217868809794238061e+00
-4.210181790449853523e+00
-4.215749424643369103e+00
-4.204943400575463563e+00
-4.218058444815163455e+00
-4.180003987120602282e+00
-4.195396599085360556e+00
-4.227366295273775165e+00
-4.208033377174926315e+00
-4.213148774267682306e+00
-4.193282998660855299e+00
-4.208036332151102066e+00
-4.196147131756684523e+00
-4.205525166761070466e+00
-4.224440273979466198e+00
-4.192765504019599909e+00
-4.204061525115630360e+00
-4.199731937042811225e+00
-4.220030996666518597e+00
-4.207015641089666858e+00
-4.197821970586548268e+00
-4.226476659363528121e+00
-4.187277091293684528e+00
-4.184868861214503077e+00
-4.207473491691128942e+00
-4.236514212354339115e+00
-4.202812470438928472e+00
-4.182255893003818947e+00
-4.215810393793798738e+00
-4.174834843777439630e+00
-4.205790314532760199e+00
-4.234107842221268569e+00
-4.218863401684402881e+00
-4.202317434724939460e+00
-4.192240431810224877e+00
-4.210613866272542083e+00
-4.183582143085436300e+00
-4.215372457085533320e+00
-4.232822940431134384e+00
-4.216151183963845028e+00
-4.198231942340926892e+00
-4.175938865039546144e+00
-4.218296813170603343e+00
-4.204774173074015131e+00
-4.209812374348963715e+00
-4.219724523697529150e+00
-4.202794138516744660e+00
-4.202358165850552219e+00
-4.190722620679314225e+00
-4.224120695426901939e+00
-4.203551788126870470e+00
-4.204353736928931440e+00
-4.220542590322288845e+00
-4.189906380580074696e+00
-4.203357691551040887e+00
-4.205748432465348685e+00
-4.226283643198102347e+00
-4.205949776196068690e+00
-4.192224314974224875e+00
-4.205264567912994522e+00
-4.204363747796663553e+00
-4.230265808312155151e+00
-4.196519413524864461e+00
-4.213539144489512722e+00
-4.210576230504529782e+00
-4.176057600342393705e+00
-4.209660237967379537e+00
-4.217497573431383096e+00
-4.220822941108105297e+00
-4.198584250480622337e+00
-4.208836316282684287e+00
-4.190128265199740021e+00
-4.173200035011724651e+00
-4.233202061001907879e+00
-4.224505706991491749e+00
-4.210317142621029518e+00
-4.189690759936117281e+00
-4.202343415145049832e+00
-4.206559934917931898e+00
-4.185247980963610281e+00
-4.230506577186194939e+00
-4.222898847828775892e+00
-4.209205571773079413e+00
-4.191211798334992800e+00
-4.196054721834772572e+00
-4.214572959049338152e+00
-4.191823063481100675e+00
-4.227868720778110934e+00
-4.209183746108935864e+00
-4.181103028036132763e+00
-4.193290819930241220e+00
-4.215411305965459654e+00
-4.215686126732458128e+00
-4.182155998836043942e+00
-4.225096661959223177e+00
-4.204168475417231932e+00
-4.186873622802666617e+00
-4.217226653171279871e+00
