-2.121437673887003683e+01
-2.124366064002910548e+01
-2.128877059579762587e+01
-2.124544083463302968e+01
-2.125846157137859649e+01
-2.127990123906292297e+01
-2.127982399999600105e+01
-2.126006827328395588e+01
-2.124747132639771152e+01
-2.124759689743161317e+01
-2.126895857365482456e+01
-2.126467341828603708e+01
-2.126309848548618575e+01
-2.126677346776518007e+01
-2.127140633804633651e+01
-2.126223652842163503e+01
-2.125988154345292358e+01
-2.126406966865738823e+01
-2.126430872696895236e+01
-2.126322428485501348e+01
-2.127037982640226588e+01
-2.127085357759914430e+01
-2.126561122183438712e+01
-2.126970587678377456e+01
-2.127172426708726860e+01
-2.126253389696542939e+01
-2.126473663378998680e+01
-2.126530194752423597e+01
-2.126484279167469182e+01
-2.127107355423864021e+01
-2.128174150123887998e+01
-2.125385844473213481e+01
-2.126258492218259022e+01
-2.129386797233085460e+01
-2.123658540568229824e+01
-2.125351594734157956e+01
-2.130822151276716525e+01
-2.124346380033949799e+01
-2.127953238547480908e+01
-2.127714685076420054e+01
-2.124333873507433168e+01
-2.128725934071974635e+01
-2.124218559661081329e+01
-2.127081125591653787e+01
-2.126488586927688829e+01
-2.126825354601546891e+01
-2.128430742167841316e+01
-2.122923808725308348e+01
-2.127032320589307446e+01
-2.125508697168359618e+01
-2.126108356967602830e+01
-2.125963919464356877e+01
-2.128426162722270476e+01
-2.127002624690978649e+01
-2.124384591768455621e+01
-2.126244248217012256e+01
-2.124854102133414457e+01
-2.127184403253811240e+01
-2.124802110302332281e+01
-2.128480338409257300e+01
-2.127530438275733715e+01
-2.125755482617952552e+01
-2.123067014341522452e+01
-2.126660023667414023e+01
-2.127189156965292938e+01
-2.123743771883610520e+01
-2.126754273995671340e+01
-2.128732699863142486e+01
-2.126075174813355062e+01
-2.122956349137872323e+01
-2.125772546639203142e+01
-2.125869483879601418e+01
-2.126743548069591583e+01
-2.123403802441941224e+01
-2.127151789928101877e+01
-2.126957404619094660e+01
-2.124089458559352650e+01
-2.125551215707112007e+01
-2.124621554225048570e+01
-2.125730626269810841e+01
-2.127340504526410569e+01
-2.121750899918077238e+01
-2.126823094636088385e+01
-2.125755202131493604e+01
-2.124464214058170342e+01
-2.128038355449543317e+01
-2.120221379190344635e+01
-2.126350880720757175e+01
-2.126051554684379852e+01
-2.122289703730228538e+01
-2.124506245181495601e+01
-2.126683363532676552e+01
-2.126531687449305252e+01
-2.121471434155311186e+01
-2.125113071934168474e+01
-2.124019850114051167e+01
-2.123718862323171663e+01
-2.125087822123850856e+01
-2.122728582738159631e+01
-2.127975334872718705e+01
