9.999999999999977796e-01
9.999999999999538147e-01
1.000000000000013323e+00
9.999999999999189537e-01
9.999999999998815392e-01
9.999999999998767652e-01
9.999999999998057110e-01
9.999999999998289146e-01
9.999999999997831734e-01
9.999999999998039346e-01
9.999999999997701838e-01
9.999999999997215561e-01
9.999999999996764810e-01
9.999999999996336264e-01
9.999999999996098676e-01
9.999999999995798916e-01
9.999999999996109779e-01
9.999999999995797806e-01
9.999999999995452526e-01
9.999999999995312638e-01
9.999999999994648725e-01
9.999999999994488853e-01
9.999999999993957056e-01
9.999999999993651745e-01
9.999999999993431921e-01
9.999999999992832400e-01
9.999999999992861266e-01
9.999999999992815747e-01
9.999999999992266186e-01
9.999999999992073008e-01
9.999999999991995292e-01
9.999999999991888711e-01
9.999999999991610045e-01
9.999999999991209254e-01
9.999999999991066035e-01
9.999999999990916155e-01
9.999999999990639710e-01
9.999999999990170085e-01
9.999999999990294430e-01
9.999999999989547250e-01
9.999999999989195310e-01
9.999999999989414023e-01
9.999999999989233057e-01
9.999999999989184207e-01
9.999999999988730126e-01
9.999999999988928856e-01
9.999999999988525845e-01
9.999999999988400390e-01
9.999999999988136157e-01
9.999999999988309352e-01
9.999999999987256860e-01
9.999999999987556620e-01
9.999999999987038146e-01
9.999999999986894927e-01
9.999999999986428634e-01
9.999999999986501908e-01
9.999999999986237675e-01
9.999999999986037835e-01
9.999999999985837995e-01
9.999999999985699217e-01
9.999999999985442756e-01
9.999999999985433874e-01
9.999999999984683363e-01
9.999999999984581223e-01
9.999999999984553467e-01
9.999999999984003907e-01
9.999999999983690824e-01
9.999999999983666399e-01
9.999999999983670840e-01
9.999999999983709698e-01
9.999999999983077981e-01
9.999999999982776000e-01
9.999999999982835952e-01
9.999999999982860377e-01
9.999999999981826759e-01
9.999999999981707965e-01
9.999999999981090681e-01
9.999999999980926368e-01
9.999999999980413445e-01
9.999999999979733989e-01
9.999999999980027088e-01
9.999999999980224707e-01
9.999999999979632959e-01
9.999999999979620746e-01
9.999999999979245491e-01
9.999999999979228837e-01
9.999999999978435028e-01
9.999999999978441689e-01
9.999999999977977616e-01
9.999999999977677856e-01
9.999999999977853271e-01
9.999999999977415843e-01
9.999999999977428056e-01
9.999999999977557952e-01
9.999999999976856291e-01
9.999999999977136067e-01
9.999999999976935117e-01
9.999999999976756371e-01
9.999999999976050269e-01
9.999999999975743847e-01
