2.010908153324855957e-04
2.033381444305969144e-04
2.075275232499851634e-04
2.134051694993183699e-04
2.215780694986727928e-04
2.315685477041466603e-04
2.434849944022873759e-04
2.810654894766359741e-04
2.713608317224487838e-04
2.886148928896495043e-04
3.063872020451246961e-04
3.268750999825511183e-04
3.491825421472872061e-04
3.990408957644315168e-04
4.227968708003580593e-04
4.252886250676408877e-04
4.527959762991410090e-04
4.831321179271199956e-04
5.139412060199151757e-04
5.726728418754434714e-04
5.811931175925261336e-04
6.171183373025325263e-04
6.554418952904127573e-04
6.944245652449816978e-04
7.388721042582769346e-04
7.787502405961734464e-04
8.180500849463620810e-04
8.612262363681298053e-04
9.044300459174956213e-04
9.481469113369661496e-04
9.938837138680073346e-04
1.040443100547610873e-03
1.087385366391319802e-03
1.134391373376470802e-03
1.182884302011481077e-03
1.233539085041584311e-03
1.283582754270612240e-03
1.334120375911968057e-03
1.384683385898045124e-03
1.434766760771515959e-03
1.481921510995920033e-03
1.527853770501358269e-03
1.574198294842387011e-03
1.624220915947538523e-03
1.673138529507565628e-03
1.722488673937213645e-03
1.768356647120007761e-03
1.804203125291040230e-03
1.844005056492001738e-03
1.887269900825833211e-03
1.933676396304117402e-03
1.964953500317221432e-03
2.012036517717135254e-03
2.049144350300379988e-03
2.075806933934351648e-03
2.097824833069230222e-03
2.116087950501046797e-03
2.137633213872405357e-03
2.158824898309186745e-03
2.180930556003866407e-03
2.195431719774728826e-03
2.222299434742082674e-03
2.230780837707431550e-03
2.231400429161927053e-03
2.228422212335018360e-03
2.236358084610067572e-03
2.239025179801726415e-03
2.253608271293587248e-03
2.260576197070208061e-03
2.279841101889078236e-03
2.283269886493337168e-03
2.293120422709299909e-03
2.287499317117103973e-03
2.291289515296030845e-03
2.314316365378557127e-03
2.299687460616668417e-03
2.306121796884664978e-03
2.321988310692605414e-03
2.336802476766293348e-03
2.356196894880904259e-03
2.387871111762201667e-03
2.432141198064214412e-03
2.477791933961286802e-03
2.518388645041743420e-03
2.570492669161893173e-03
2.628621816709332364e-03
2.679747860849911439e-03
2.763177787209242578e-03
2.855128817422242487e-03
2.933580471390727536e-03
3.062498686535599941e-03
3.191582535794160874e-03
3.301441298636350902e-03
3.475830012804706579e-03
3.635075307028773697e-03
3.822200632804080393e-03
4.031601283109491687e-03
4.223640593797145862e-03
4.393581279816711170e-03
4.639062440481321777e-03
