3.141592653589775352e+00
3.141592653587882200e+00
3.141592653490373976e+00
3.141592653058513207e+00
3.141592651532695957e+00
3.141592646399381739e+00
3.141592631309471528e+00
3.141592594471790623e+00
3.141592523990747843e+00
3.141592432265017720e+00
3.141592327581093969e+00
3.141592200302850468e+00
3.141591816441702711e+00
3.141591190268864686e+00
3.141589824112663187e+00
3.141588034910415939e+00
3.141586859816440924e+00
3.141587876360672826e+00
3.141588973639420690e+00
3.141570770130262868e+00
3.141551742898404331e+00
3.141558992792545357e+00
3.141562717801343219e+00
3.141455642619506605e+00
3.141399025306515380e+00
3.141505749719670337e+00
3.141378060696812025e+00
3.141078477124418011e+00
3.141145916811441285e+00
3.141468799754162156e+00
3.140737208528058932e+00
3.140540947414208528e+00
3.141343118741521501e+00
3.140471903952736454e+00
3.139683324930108821e+00
3.140351820432149221e+00
3.141090519817893334e+00
3.139670606439000977e+00
3.139745195794078292e+00
3.141444014311222777e+00
3.139649410205815006e+00
3.138449749279587753e+00
3.138972038145034116e+00
3.141182204398544897e+00
3.139366483292693744e+00
3.138022915102409272e+00
3.139412582977472166e+00
3.139955392658739797e+00
3.136028589612460671e+00
3.135205454198197295e+00
3.138448120836472288e+00
3.139595168226649413e+00
3.136482053920936153e+00
3.137869232431688360e+00
3.140359965305914436e+00
3.135115464547398645e+00
3.133245906649149148e+00
3.136207300105058327e+00
3.141180329463614918e+00
3.136361366051839017e+00
3.136121037395797284e+00
3.140981466318015780e+00
3.135878168755036999e+00
3.132794620199561564e+00
3.135014326002187879e+00
3.140749390332046254e+00
3.137547096365156829e+00
3.136865457376585287e+00
3.140432365241277779e+00
3.137954581132402332e+00
3.135312145900118974e+00
3.136327958532821203e+00
3.139674192668926889e+00
3.140592515449510014e+00
3.139852502392067368e+00
3.141498783174220488e+00
3.139364633971305274e+00
3.138297821695587686e+00
3.138213601749296533e+00
3.138366964808597448e+00
3.138238352780522877e+00
3.138397157431733309e+00
3.139024321494018555e+00
3.139810410110877026e+00
3.139992946852555367e+00
3.139313762481472647e+00
3.137857196194202558e+00
3.136376507387145463e+00
3.136308770074796470e+00
3.137980981725565499e+00
3.139860379146397040e+00
3.140482711326312071e+00
3.139682659897718775e+00
3.138234474709819644e+00
3.137078928692694113e+00
3.137071377376424053e+00
3.137839002484188011e+00
3.138577106410188833e+00
3.138868680290874291e+00
3.138608759217091926e+00
