-4.212331345172661834e+00
-4.192957550405465916e+00
-4.172644201419766219e+00
-4.195566756464844893e+00
-4.175817188710410299e+00
-4.208074731961782611e+00
-4.201936183850370377e+00
-4.186332188281054023e+00
-4.209410894607199083e+00
-4.199068103966614451e+00
-4.162127008668169204e+00
-4.204921611242773416e+00
-4.179049807756639368e+00
-4.162588647317713608e+00
-4.173712488766835094e+00
-4.165417488140632507e+00
-4.163055409234589277e+00
-4.200195432417074493e+00
-4.173482226761063174e+00
-4.198908535441258749e+00
-4.175774482311336300e+00
-4.161254936022565687e+00
-4.164687146448085464e+00
-4.181678745311012690e+00
-4.205462167632799009e+00
-4.167817400876438150e+00
-4.198037585137400107e+00
-4.174780095992529638e+00
-4.165203524564862647e+00
-4.168338494184139265e+00
-4.163314625618363962e+00
-4.186677478886021042e+00
-4.190569490129494312e+00
-4.163494198039876082e+00
-4.191239736850249642e+00
-4.198133405171459387e+00
-4.198795241224605235e+00
-4.206284869574969498e+00
-4.183788256608071521e+00
-4.166726729102983029e+00
-4.200593753139680864e+00
-4.169988991750045670e+00
-4.174175268570671449e+00
-4.196912595466267604e+00
-4.180589231862684940e+00
-4.171657163947053881e+00
-4.182951735329732301e+00
-4.200512496073657509e+00
-4.171011823023897058e+00
-4.180582513277452783e+00
-4.198903419083410249e+00
-4.201907922887527569e+00
-4.187445432315168858e+00
-4.164010209605554458e+00
-4.198895024368464846e+00
-4.169967266014666940e+00
-4.205204284175757756e+00
-4.193396933428005902e+00
-4.186710752589333673e+00
-4.201824884274906857e+00
-4.201234236894348939e+00
-4.176977383765301255e+00
-4.186417005675142633e+00
-4.171142317126927068e+00
-4.192588632935998483e+00
-4.208980434326370812e+00
-4.204113573828442973e+00
-4.194745115387099155e+00
-4.165637040938898750e+00
-4.198696102000966768e+00
-4.173178091403324963e+00
-4.194882672298747117e+00
-4.198043745282558525e+00
-4.199721010330905280e+00
-4.197045658267756885e+00
-4.171267088791243083e+00
-4.191993308876422297e+00
-4.182492454670665438e+00
-4.202434171205642777e+00
-4.188985354576305831e+00
-4.180097574688014461e+00
-4.177823015379196647e+00
-4.203392951640881670e+00
-4.194126779344167666e+00
-4.188079271317874941e+00
-4.179776281388786430e+00
-4.207098217649257954e+00
-4.206474747735277298e+00
-4.197034271279339812e+00
-4.210676888049174060e+00
-4.172462320844020134e+00
-4.195999878848691189e+00
-4.166024259700254362e+00
-4.200278912102861639e+00
-4.203364190465232575e+00
-4.193571221656355874e+00
-4.201301554918432046e+00
-4.187407367127873314e+00
-4.172898356212725091e+00
-4.192324230832347176e+00
