1.784442009781877489e-15
1.070812741497610811e-10
4.018976365315721451e-10
1.270792795499287929e-09
3.606770076353192590e-09
9.377390748246606902e-09
2.259564399199962325e-08
5.099173072113185353e-08
1.082479136209188053e-07
2.179588431084185358e-07
4.130512062993396338e-07
7.407484079550294404e-07
1.221569504883146409e-06
1.939703428257419645e-06
3.132166733707503939e-06
4.667257916942286457e-06
6.347218092291981537e-06
5.608288891220208862e-06
4.541722963927006028e-06
2.380733232578734947e-05
4.633220167873851146e-05
4.198474058442079111e-05
2.371736105461261625e-05
1.414949302402083336e-04
2.141867793598748663e-04
1.039880725587056745e-04
2.238940046762052049e-04
5.503345604074002606e-04
4.963031954471260618e-04
1.149302002346959021e-04
9.198782056596514767e-04
1.157695145880911118e-03
3.353322173335361307e-04
1.113849643661426548e-03
1.986092763650608960e-03
1.322523877009698949e-03
5.899186986497726229e-04
2.292005661421596049e-03
2.373884881481149942e-03
6.421180575832028618e-04
1.733809526606732614e-03
3.150293032060460813e-03
2.627796028549564140e-03
2.796235169072774007e-04
2.667823560805067037e-03
4.284088992378622986e-03
3.026865191728469150e-03
8.723682579391460554e-04
4.886932176694926133e-03
5.758216206820028146e-03
2.269254079593503726e-03
3.294029837314568776e-03
6.745243088426625122e-03
5.340713390848746134e-03
3.888598902295004256e-05
5.614614967917064617e-03
7.470197613338624282e-03
4.188441210597015733e-03
2.141962127003210325e-03
7.181898596739512766e-03
7.191911790646309324e-03
1.932701599172971648e-03
4.813044090188532687e-03
7.997377985897719324e-03
5.323397951796766080e-03
9.378889792126291706e-04
6.015989126415396612e-03
6.430765998077782493e-03
2.399200619905259707e-03
2.783973170747439108e-03
5.450502660630150709e-03
4.128897728221918827e-03
3.352056067160945601e-04
2.881071930663653153e-03
3.412045322480647055e-03
1.582350050630123304e-03
6.159916428208069786e-04
1.567274380644959140e-03
1.281527245312181779e-03
7.356723625061175036e-04
5.418258044726086565e-04
4.182737046567700390e-04
1.320620542899518578e-04
1.012742531167782787e-03
1.498113441822498644e-03
9.082889157541276272e-04
6.374081476101726811e-04
2.105801278513292751e-03
2.282336950916994713e-03
8.675538066287944317e-04
1.070966557374430266e-03
2.009646712232528946e-03
1.313458729691481053e-03
2.695388437367835042e-04
1.432745253441121630e-03
1.512335078979907968e-03
8.202652659292889326e-04
7.420652469687191613e-05
2.836961028416585856e-04
3.048776935970870473e-04
