2.009897206912874873e-04
2.032215603119394355e-04
2.074148563876735069e-04
2.132642662413605111e-04
2.214181041217051001e-04
2.314425434064349188e-04
2.432601588782921400e-04
2.807911462286536591e-04
2.711398059637266326e-04
2.884028173381352638e-04
3.061330814269155485e-04
3.266081627451686200e-04
3.489035472040110698e-04
3.985306383326150861e-04
4.242014609804990255e-04
4.249584803513234616e-04
4.524692878939456562e-04
4.827721733483143459e-04
5.136669084671751555e-04
5.720612981849657703e-04
5.808132031997405732e-04
6.166921783510455855e-04
6.549961140505972286e-04
6.940261096301022364e-04
7.382443530498638542e-04
7.780949788942710969e-04
8.175639740312905116e-04
8.607175384334956984e-04
9.038957279161645647e-04
9.476861719464464403e-04
9.933280292961216545e-04
1.039841461200676073e-03
1.086791244406290708e-03
1.133768143537508977e-03
1.182258384385456457e-03
1.232915147062266237e-03
1.282928845239353572e-03
1.333458967184458430e-03
1.383915466555564033e-03
1.434194239230543325e-03
1.481103188653922886e-03
1.527004943235134304e-03
1.573432065633259503e-03
1.623413145345257514e-03
1.672332480872974151e-03
1.721703035530191845e-03
1.767450619675224816e-03
1.803376771176304653e-03
1.843154857770235326e-03
1.886413549224094134e-03
1.932694242347414264e-03
1.964501429278544577e-03
2.011191994538694735e-03
2.047349166346985622e-03
2.075225384251874229e-03
2.096521380419241309e-03
2.114947047550434344e-03
2.135173368351930747e-03
2.155149112768986290e-03
2.179910454811213177e-03
2.193591654351036840e-03
2.222452919393443950e-03
2.229188452180418112e-03
2.230367934046340733e-03
2.227278542226000715e-03
2.235215634857634810e-03
2.237798837227549485e-03
2.252414838594879194e-03
2.259338092641078027e-03
2.278631968934911618e-03
2.282123725744601185e-03
2.291928528431548019e-03
2.286543124106528262e-03
2.290199589246923097e-03
2.313505548004232259e-03
2.298033939475726053e-03
2.304949468170889356e-03
2.320623215197925408e-03
2.335687719197951113e-03
2.355403602573597193e-03
2.386601178957419977e-03
2.431167035232208781e-03
2.476543689003408034e-03
2.517350049979664300e-03
2.572496965118316065e-03
2.626809020065724171e-03
2.678297721476031752e-03
2.760087360524540821e-03
2.854329562531407807e-03
2.933089313295229872e-03
3.060522165940823564e-03
3.187581484780842734e-03
3.310022056166395891e-03
3.473500472994174668e-03
3.637092633069837194e-03
3.821187070965351412e-03
4.024911289732480135e-03
4.225575131822111898e-03
4.400721356604119297e-03
4.638356620291606003e-03
