1.979686292689158912e-04
5.926636958811247512e-04
1.882332259602638880e-03
3.932507934849186794e-03
6.539835064280016125e-03
9.455165996831188524e-03
1.240888212940483883e-02
1.513665853387261354e-02
1.740448663670076876e-02
1.903062911693446241e-02
1.990107412139318147e-02
1.997570809957635932e-02
1.928596870893250353e-02
1.792585961761008345e-02
1.603959753872440455e-02
1.380736755645002242e-02
1.142899026919917856e-02
9.105905374895957236e-03
7.023374495315121147e-03
5.334793296776967585e-03
4.150951045544573267e-03
3.534915388289057176e-03
3.502052152632343686e-03
4.022877461956563504e-03
5.028174744309475003e-03
6.416033277666403564e-03
8.061009395242478559e-03
9.824483521483498918e-03
1.156692734629118091e-02
1.315710481124699772e-02
1.448076441318943593e-02
1.544887890859646118e-02
1.600385061449894480e-02
1.612510077479471088e-02
1.582854074168411548e-02
1.516371309075385462e-02
1.420987387225169409e-02
1.306573527346220967e-02
1.183840891434038978e-02
1.063362403481080652e-02
9.543971213335543727e-03
8.644982525611849891e-03
7.986821662572552230e-03
7.591552363397937285e-03
7.453621570154206517e-03
7.551559617478718553e-03
7.857118104943810327e-03
8.323523292545868812e-03
8.896535296234275511e-03
9.526012091472579879e-03
1.016303880611672469e-02
1.077257975552728744e-02
1.133791642412431029e-02
1.183881423237103346e-02
1.227517513643639792e-02
1.261495818225010813e-02
1.284247642278392616e-02
1.296206824437174873e-02
1.297095659121490392e-02
1.288489018598791211e-02
1.272649234548786125e-02
1.250031535781526669e-02
1.221051361823845272e-02
1.188403173073488035e-02
1.152089922742944098e-02
1.112225425266020508e-02
1.072407356141976027e-02
1.037196067661067672e-02
1.009439865021922143e-02
9.909808574272203560e-03
9.839814606292959093e-03
9.889735886760257430e-03
1.004263690067188144e-02
1.027504526716233220e-02
1.056350594685302388e-02
1.089396099162306258e-02
1.125377556716516091e-02
1.163906549242885863e-02
1.203812878416186428e-02
1.242304954442021922e-02
1.276850466143798941e-02
1.305332024432625214e-02
1.326026521862239994e-02
1.338096340263182117e-02
1.341401601160816838e-02
1.336105681822658334e-02
1.322852491032985335e-02
1.303633183626272743e-02
1.281778561170750057e-02
1.260340000781155247e-02
1.238968566837667443e-02
1.217607222166227840e-02
1.199163169300687323e-02
1.186008667066647433e-02
1.178346639742203564e-02
1.175995386849723254e-02
1.178064897395118479e-02
1.183583282419954641e-02
1.193807418316509758e-02
1.209610799559929402e-02
1.231051401763628636e-02
1.256720752799995143e-02
1.282922607536646567e-02
1.307538431202662568e-02
1.333125674005249811e-02
1.361194651953239604e-02
1.388488576607933844e-02
1.410161233996848860e-02
1.425420481451048285e-02
1.434746570836983003e-02
1.439538364136356760e-02
1.440881370182114408e-02
1.439048140812558552e-02
1.433354006523657360e-02
1.424204304274516962e-02
1.413190537068509910e-02
1.402112390326067971e-02
1.392023560942632666e-02
1.383666185214493458e-02
1.376800065449618540e-02
1.371966562348145117e-02
1.371630456834928291e-02
1.376008980136467566e-02
1.384154775777695322e-02
1.396409798712282442e-02
1.413613550022251031e-02
1.435435631846429180e-02
1.461078720534017029e-02
1.491310457173532916e-02
1.526569865817379787e-02
1.564876961361845453e-02
1.602489772867918619e-02
1.636100768530083724e-02
1.662724596119621867e-02
1.680536241321308605e-02
1.692068109119655717e-02
1.699777305653261614e-02
1.706468430263220759e-02
1.711795436757336183e-02
1.712903725396778751e-02
1.712421962118046079e-02
1.711994800592621380e-02
1.707975024792180579e-02
1.698269016358780123e-02
1.687658396816171455e-02
1.679848490321092860e-02
1.677086417974313001e-02
1.683920566281282144e-02
1.699626435628372179e-02
1.721316705349329457e-02
1.748774042538122145e-02
1.777431568711623777e-02
1.807383778142575628e-02
1.837827778810253998e-02
1.867787007614363226e-02
1.894316852130676493e-02
1.921343597574088832e-02
1.945212031509989739e-02
1.967271468751826541e-02
1.988932652690859199e-02
2.009164494073305621e-02
2.027896643358487877e-02
2.046336770769740035e-02
2.064326918693178484e-02
2.076469503395500515e-02
2.078052547155288116e-02
2.071344488987428636e-02
2.060661020895187753e-02
2.051301419340276211e-02
2.045498258209143758e-02
2.046172096640686347e-02
2.057083659891019434e-02
2.073826443621120882e-02
2.091085608348807259e-02
2.107265627270342792e-02
2.124006666062813742e-02
2.143221290049068806e-02
2.167347245090527064e-02
2.193130571903144713e-02
2.220295340437436482e-02
2.248727128493428415e-02
2.276058289875692101e-02
2.298429301365289071e-02
2.312559218630360486e-02
2.318694548211931022e-02
2.321591173562371005e-02
2.326375936680020323e-02
2.330561360974345644e-02
2.330969688970119594e-02
2.330549717301643592e-02
2.334023839825306521e-02
2.342640182062793661e-02
2.356181121282398608e-02
2.376614152986109008e-02
2.401885140036286864e-02
2.429369698327319901e-02
2.459909790785201611e-02
2.488124219527569972e-02
2.506597403747842095e-02
2.520196490229100958e-02
2.535828114141190637e-02
2.552652468907197839e-02
2.568768800157196150e-02
2.587137409424032294e-02
2.603970126424739670e-02
2.616181944034486409e-02
2.622358964270040185e-02
2.623688733356871472e-02
2.623686779100248626e-02
2.625123155752782239e-02
2.632420257187910798e-02
2.647147416369862588e-02
2.667183284666936605e-02
2.689732004804265900e-02
2.712575409231790524e-02
2.739113178333447279e-02
2.772538032483887888e-02
2.806845785767389523e-02
2.839361006774942381e-02
2.869610163911203576e-02
2.896807105848330302e-02
2.919659976609568011e-02
2.937256967754084055e-02
2.953036080600750582e-02
2.965219624620721306e-02
2.971650999922524627e-02
2.972303106560404001e-02
2.968586661631538587e-02
2.962816873854490218e-02
2.956353854352403512e-02
2.951727788860335558e-02
2.952605339044097818e-02
2.959852142920535445e-02
2.973235638217552532e-02
2.989295564313038459e-02
3.003992016975856605e-02
3.019809080891719746e-02
3.040741405616994089e-02
3.062250670785123322e-02
3.079612708024181619e-02
3.096986197824431672e-02
3.121480582900412401e-02
3.149346994432434405e-02
3.175374256272665840e-02
3.200462499644778080e-02
3.227529076416513210e-02
3.253706554250072880e-02
3.273526407511370001e-02
3.285942058354086176e-02
3.292573071183758915e-02
3.296207472160903040e-02
3.289908392245940311e-02
3.272753903050548696e-02
3.244901187136693677e-02
3.209064534512089811e-02
3.175918766968041651e-02
3.153887238246728258e-02
3.143718683994058127e-02
3.150951456604873802e-02
3.177416237086957973e-02
3.218199693234875119e-02
3.269633247954200489e-02
3.329374238295698674e-02
3.392504846747838865e-02
3.452654792781484350e-02
3.506985724777732238e-02
3.558415621625785064e-02
3.603533206131524780e-02
3.638204475473076627e-02
3.658984976243484510e-02
3.663519158221362204e-02
3.653677787526862786e-02
3.630594234168638135e-02
3.593439451720464861e-02
3.548186769904595333e-02
3.501479401989895240e-02
3.455231337790765078e-02
3.413409200069442845e-02
3.375697475279788862e-02
3.354822523901246356e-02
3.350545268617452499e-02
3.356037502567684599e-02
3.376155947148250236e-02
3.416908273287518755e-02
3.480442035700918868e-02
3.564017018429670863e-02
3.663012567117186064e-02
3.773129372768799922e-02
3.886214154239425733e-02
3.993043465791177443e-02
4.074996270031688850e-02
4.119362030624933169e-02
4.131512173042303088e-02
4.116325078359905215e-02
4.071681985572455503e-02
3.999295820743896390e-02
3.905188499573259558e-02
3.798229119240650875e-02
3.686394004851214351e-02
3.577088452783017125e-02
