2.121409013458737099e-04
5.966134976771722206e-04
1.877751566467192584e-03
3.922861763081412004e-03
6.528447337218750909e-03
9.444360619622310660e-03
1.240043227875410430e-02
1.513281870739479305e-02
1.740831990032179130e-02
1.904480672651501227e-02
1.992550934402352592e-02
2.000555844667118929e-02
1.931103319566774418e-02
1.793240337193350784e-02
1.601398535449044883e-02
1.373980607063503799e-02
1.131617789611046553e-02
8.952112045727799935e-03
6.840238084379586872e-03
5.140722019295842181e-03
3.969389807708298065e-03
3.390209428975179094e-03
3.412605250389900632e-03
3.994332987470236400e-03
5.050136654678008194e-03
6.464518608540833003e-03
8.105852792087506892e-03
9.839050683354923221e-03
1.153534736840833991e-02
1.307917717497753506e-02
1.436877915996673943e-02
1.532474063966511417e-02
1.588644841537320898e-02
1.601986995843671449e-02
1.572487763961322171e-02
1.504097589313165527e-02
1.404638786113318258e-02
1.284800460298470871e-02
1.156600008512559223e-02
1.031763721046270559e-02
9.204486090014693186e-03
8.305502364705480423e-03
7.670767843857063430e-03
7.319674156338823803e-03
7.242126912723106068e-03
7.404916718698425528e-03
7.762427612219464056e-03
8.264904419403607330e-03
8.864947329828887918e-03
9.518349589368438335e-03
1.018423444256805546e-02
1.082514096431663048e-02
1.140761994795032319e-02
1.190267627302328372e-02
1.228460712371330470e-02
1.253602203442897439e-02
1.264641022932082998e-02
1.261445377774737461e-02
1.245181187668223562e-02
1.218333313013272509e-02
1.184480108531887378e-02
1.147619766760150928e-02
1.111505525926982131e-02
1.078715079160075252e-02
1.050124297628994216e-02
1.025161175330910335e-02
1.002763916579875111e-02
9.826253459709491031e-03
9.659271151757596596e-03
9.551451841409517446e-03
9.531639220020000219e-03
9.613682226979971407e-03
9.792892960271063277e-03
1.004029251615207868e-02
1.031028145406663425e-02
1.055364936703011812e-02
1.073234158945488709e-02
1.082933570631602373e-02
1.085191295247834274e-02
1.082658773477823168e-02
1.078680480488262636e-02
1.076153120926780227e-02
1.076865869793478155e-02
1.081100327783420315e-02
1.087837244283868660e-02
1.095886309589251886e-02
1.104470576242468256e-02
1.113737653770950284e-02
1.124498955530469670e-02
1.137639168838930348e-02
1.153476716530689797e-02
1.171001659336180431e-02
1.187085786685326133e-02
1.196445171930052287e-02
1.193139456004937288e-02
1.172326777082045857e-02
1.132314908978230249e-02
1.075727826345731879e-02
1.008928864100261738e-02
9.406799655908614291e-03
8.799054736186464817e-03
8.336210753145415972e-03
8.060383707339259171e-03
7.988451627768750757e-03
8.121547395516209855e-03
8.454361696214083427e-03
8.975749471097731885e-03
9.665248149684422391e-03
1.048835113034140426e-02
1.139441192685559934e-02
1.232069109026927810e-02
1.319377653122104713e-02
1.393601397350411296e-02
1.447561647121895466e-02
1.475402053508213795e-02
1.473044871996065895e-02
1.438606510495733445e-02
1.372930814645633227e-02
1.279512899520834045e-02
1.164174404968688556e-02
1.034880394339674631e-02
9.013954333864069440e-03
7.743766247970287550e-03
6.643628223929252258e-03
5.809564267533164593e-03
5.319831770205825892e-03
5.231377471908864145e-03
5.577457201132873452e-03
6.362069154434185636e-03
7.554859610549451848e-03
9.087812365985627888e-03
1.085605135936834262e-02
1.272321924225286970e-02
1.452967487949902679e-02
1.610425898779730899e-02
1.728371710046434570e-02
1.793368929576103638e-02
1.796863532694731314e-02
1.736369638793636844e-02
1.615788879753395774e-02
1.444889700157497847e-02
1.237970805996507079e-02
1.012704725507372616e-02
7.889671140063350685e-03
5.870726290189355774e-03
4.259966925734610943e-03
3.214540620708645179e-03
2.839026239650271118e-03
3.172213838341318357e-03
4.182988644628635524e-03
5.772998011966263589e-03
7.786307142048181501e-03
1.003056954518653440e-02
1.230354380625018826e-02
1.441358822534409209e-02
1.619119626870194756e-02
1.749875644740192526e-02
1.823747402627346609e-02
1.835007717618557938e-02
1.783135564543570153e-02
1.673733138854545041e-02
1.517789542578897553e-02
1.329804585708861675e-02
1.126433130210487653e-02
9.253989487264011049e-03
7.426690189717803647e-03
5.924460873122664763e-03
4.864334666400735481e-03
4.326933031868884089e-03
4.341477533191634777e-03
4.885117021831120697e-03
5.889845033571749003e-03
7.256584854594500152e-03
8.867332274672061476e-03
1.059178148707932629e-02
1.229332897083681118e-02
1.383085359482339599e-02
1.506747914090704812e-02
1.588868452791886848e-02
1.621656710646117092e-02
1.603151987198895428e-02
1.537334142918707694e-02
1.432873856727049158e-02
1.302991815409188132e-02
1.163073414950141493e-02
1.028557285904560178e-02
9.127234246931020464e-03
8.250528464540489437e-03
7.706224529070112607e-03
7.503067260396667319e-03
7.614162352223137649e-03
7.984930019974183224e-03
8.546075197085440181e-03
9.218860262732138725e-03
9.924577115213713968e-03
1.059241256122333066e-02
1.116541097165922765e-02
1.160524536837070214e-02
1.189271416748173028e-02
1.202621124453275882e-02
1.201567661601729217e-02
1.188190086319948144e-02
1.165570429115894875e-02
1.138022107231243495e-02
1.110852380854685656e-02
1.089352970015882056e-02
1.077777580020298186e-02
1.078417925001328055e-02
1.090494861123950977e-02
1.110010381923041620e-02
1.131980444807194688e-02
1.151109176311060876e-02
1.162968185193845837e-02
1.164761308584165087e-02
1.155395885520978105e-02
1.135527627263755238e-02
1.107217483613895208e-02
1.073161533731438119e-02
1.036284399828295462e-02
9.992745582011705249e-03
9.652886222446605685e-03
9.375370542275529226e-03
9.188507280836172297e-03
9.121885701189188025e-03
9.193570449110854276e-03
9.403474086265621590e-03
9.735101381390557501e-03
1.016103933804403218e-02
1.065196983029005097e-02
1.118392246988086230e-02
1.172985036184980359e-02
1.225778340572457152e-02
1.272513322563299798e-02
1.308200430304201980e-02
1.328041006040319404e-02
1.328669039817115261e-02
1.309473988841205853e-02
1.272714334694420753e-02
1.222763502494066470e-02
1.164686229520840201e-02
1.103001129409731003e-02
1.040933823414826563e-02
9.792498644993857110e-03
9.203153598885708761e-03
8.674017287750830987e-03
8.256275385862004226e-03
8.004382756727771581e-03
7.963873250366260495e-03
8.163842944884992445e-03
8.604041062652063865e-03
9.254949856640427158e-03
1.005377211123090024e-02
1.092140488848985028e-02
1.177884749005722945e-02
1.255485201658142896e-02
1.319659958966066561e-02
1.367518286840950503e-02
1.398051317555515545e-02
1.411148075359465112e-02
1.406773075677409529e-02
1.385007635275791252e-02
1.346266699649825531e-02
1.291494296999266822e-02
1.222281831280043300e-02
1.140931902902238455e-02
1.050672979278720678e-02
9.561923259259499236e-03
8.636710864563912349e-03
7.804933187850257061e-03
7.143321854714996047e-03
6.713891405828294190e-03
6.563824908508693844e-03
6.716928330816940296e-03
7.177809279661092300e-03
7.942707439656086083e-03
8.994689744364806061e-03
1.029126692804454776e-02
1.175533542547788773e-02
1.327685526262405678e-02
1.471861303273913797e-02
1.593406391957148324e-02
1.678571477130588047e-02
1.716745700926913809e-02
1.701128878960051632e-02
1.630418362725589293e-02
1.508927723620202312e-02
1.346082697772967712e-02
1.155359967299005898e-02
9.529656689295468858e-03
7.573108096333002609e-03
5.870650928475771788e-03
4.591602193684745509e-03
3.866712979086269104e-03
3.766986675527802478e-03
4.294512243714676374e-03
5.390554729700093410e-03
6.945765190244723199e-03
8.831226865504393161e-03
1.089623737848943036e-02
1.298157723675907003e-02
