-2.137498271265788929e+01
-2.136486904554471877e+01
-2.138905413285270640e+01
-2.142580395562352891e+01
-2.143027471508177584e+01
-2.142572631623960078e+01
-2.142383871719372124e+01
-2.142782283339775518e+01
-2.142950531179265283e+01
-2.143645899389330722e+01
-2.143499186393178491e+01
-2.143318621788719724e+01
-2.143302179251340789e+01
-2.143285944926998354e+01
-2.143181949304439726e+01
-2.143449546002212003e+01
-2.143079780425636471e+01
-2.143402719470986995e+01
-2.143291645802235124e+01
-2.143487849840818171e+01
-2.143755418985579553e+01
-2.143403843892011906e+01
-2.143344544408363106e+01
-2.143242855016886139e+01
-2.143350817757989901e+01
-2.143453788434059959e+01
-2.143246882933153330e+01
-2.143400846635735846e+01
-2.143340129949850237e+01
-2.143349823250842690e+01
-2.143512392842917080e+01
-2.143468074771416454e+01
-2.143405084489925727e+01
-2.143339681211047321e+01
-2.143440305798407053e+01
-2.143493087593038737e+01
-2.143412074291309111e+01
-2.143330584766027869e+01
-2.143351696948971963e+01
-2.143434303076166358e+01
-2.143306239382673084e+01
-2.143519582155239434e+01
-2.143427332940050434e+01
-2.143271812268482535e+01
-2.143423304849254052e+01
-2.143478911981108226e+01
-2.143501128520868448e+01
-2.143216251989355570e+01
-2.143371024654050316e+01
-2.143366135007619988e+01
-2.143462250982292616e+01
-2.143496350540929996e+01
-2.143263033103469795e+01
-2.143559015885053398e+01
-2.143359161824841408e+01
-2.143345340299807589e+01
-2.143546183383060821e+01
-2.143490961544777207e+01
-2.143341533790731646e+01
-2.143557859668686305e+01
-2.143434132531961822e+01
-2.143271620598886074e+01
-2.143280984156346136e+01
-2.143368988126153596e+01
-2.143357861005519283e+01
-2.143278643396178751e+01
-2.143545352382981051e+01
