3.911579161144373984e-04
1.180618211616968338e-03
3.776843680040942175e-03
7.912225847153675495e-03
1.317077106413877541e-02
1.904702455081441759e-02
2.500786392758447274e-02
3.054541440129177055e-02
3.521854834617532681e-02
3.868270781122018498e-02
4.070935685395316028e-02
4.119551482906669282e-02
4.016510714628007683e-02
3.776433184541849730e-02
3.424960140572586020e-02
2.996654403574139369e-02
2.531716167365916093e-02
2.071682321126278037e-02
1.654864126854682649e-02
1.312344598798487194e-02
1.065248105147931224e-02
9.234989796845893828e-03
8.860813388503530064e-03
9.428404373497900615e-03
1.077366064570606241e-02
1.270265248999846719e-02
1.501984823822311022e-02
1.754557827214198173e-02
2.012202921982142456e-02
2.261082511536338657e-02
2.489913283891453943e-02
2.688202670664729954e-02
2.847724747858959571e-02
2.962744933248528945e-02
3.030904616614160663e-02
3.053316185045173992e-02
3.034280281490497888e-02
2.980284906972785475e-02
2.898594576263147093e-02
2.795719523545425744e-02
2.676009802896595069e-02
2.541400941388294310e-02
2.391590731027748440e-02
2.225972511879026339e-02
2.046197215125422630e-02
1.858390172396240381e-02
1.673540651904914522e-02
1.505219297851312366e-02
1.366297557282059039e-02
1.266274981382375930e-02
1.211599499496318622e-02
1.208724366164493080e-02
1.267484427225307186e-02
1.400862355116683222e-02
1.619482799334470702e-02
1.923438090296913927e-02
2.294158739521845458e-02
2.692848893830557255e-02
3.068297724786095415e-02
3.370198261467327594e-02
3.563182713181300976e-02
3.634323760442781381e-02
3.591167625255198281e-02
3.453380811140804862e-02
3.242183484047722608e-02
2.973417375272335850e-02
2.657206264074651880e-02
2.303005871819219230e-02
1.926021198558436343e-02
1.550551651571852041e-02
1.208404965259846087e-02
9.338324822665722280e-03
7.565390427551665908e-03
6.957902303076357597e-03
7.585698922206507433e-03
9.404864160001746853e-03
1.227759091235403055e-02
1.598831436651093618e-02
2.025268280203784688e-02
2.472417150349703885e-02
2.900953927591243264e-02
3.270871291102150913e-02
3.547448556723131752e-02
3.706757129446680565e-02
3.738935414640187638e-02
3.648049874851866381e-02
3.449229306594181477e-02
3.164357452967225814e-02
2.818426085739345055e-02
2.437997546075110211e-02
2.050618282963823091e-02
1.684866972124521300e-02
1.369687269411734576e-02
1.132029396734968163e-02
9.934427689497149494e-03
9.657533596738043791e-03
1.048705315349951483e-02
1.229684734361857767e-02
1.485371063202289843e-02
1.785195043531873083e-02
2.095098074763113161e-02
2.381557051758087518e-02
2.616085188863181976e-02
2.779741955401171527e-02
2.866020512201528092e-02
2.881583518232289087e-02
2.843339671554856452e-02
2.772585367693825020e-02
2.689160049799410590e-02
2.606827245490539458e-02
2.531764334286867868e-02
2.463835938821135052e-02
2.399956730485897083e-02
2.337793910355479010e-02
2.278168173378403161e-02
2.225129613802501183e-02
2.183319242255621351e-02
2.154380949246736954e-02
2.134157205162445781e-02
2.112779304156764404e-02
2.077574336259313537e-02
2.018168994895042090e-02
1.931030506858333329e-02
1.822366662462060471e-02
1.707991521638596577e-02
1.610081476792735167e-02
1.552003553650505019e-02
1.553685644879587713e-02
1.627901793024655319e-02
1.777464234607262217e-02
1.994362007669803205e-02
2.260686048495996747e-02
2.551492349161077478e-02
2.838341597472460176e-02
3.092547102839360296e-02
3.288024213690965425e-02
3.404303157305099692e-02
3.428852176494667781e-02
3.357549454764241492e-02
3.192690543890275290e-02
2.941274209401389950e-02
2.615826410443577998e-02
2.235134806771621463e-02
1.826298424945482779e-02
1.424941582077154933e-02
1.072601245830240302e-02
8.107051750135152446e-03
6.726276461070490598e-03
6.770720998966361925e-03
8.249727402907747198e-03
1.100152549405575275e-02
1.472599960669651598e-02
1.904036735982761464e-02
2.353901195800600643e-02
2.784633260992963599e-02
3.163893562087094491e-02
3.465265094333724871e-02
3.668300955473002833e-02
3.757134607343337596e-02
3.722729425658577451e-02
3.566732551058093836e-02
3.303393666427933972e-02
2.957812694368366913e-02
2.563465183600011077e-02
2.157391715199097337e-02
1.774605364161530030e-02
1.445246435791369688e-02
1.192844199197806709e-02
1.032778309110393700e-02
9.717255896283361061e-03
1.007179552032189118e-02
1.127867024675588414e-02
1.316432797416633438e-02
1.553104745124112007e-02
1.817097430382363932e-02
2.089931088839924733e-02
2.355398144951270645e-02
2.598162760095135138e-02
2.802748263843812815e-02
2.954166135030256157e-02
3.042242178647280859e-02
3.063845072950721615e-02
3.027423000654583252e-02
2.951039070223793193e-02
2.856118042252875355e-02
2.760543250405356197e-02
2.672790052912765724e-02
2.589960210869646229e-02
2.501057623208902125e-02
2.392516221590146319e-02
2.254567767361659314e-02
2.085339265334729131e-02
1.892034250071994439e-02
1.689461580288476039e-02
1.496699532361078777e-02
1.334059740954918194e-02
1.220661483227258870e-02
1.173188036558259206e-02
1.202344815627298669e-02
1.312189268451235957e-02
1.497785873112922328e-02
1.746552016141045272e-02
2.039755088085459800e-02
2.355541268240557429e-02
2.672965151255135563e-02
2.973977108202119357e-02
3.242374732654140779e-02
3.461426833937120140e-02
3.612394125555684621e-02
3.674715023420138671e-02
3.630989177131860313e-02
3.470633413085688623e-02
3.194417138409055834e-02
2.817069476999600752e-02
2.367471533981324594e-02
1.885880829534036796e-02
1.418619749631733207e-02
1.010577477404228652e-02
6.977072165454289987e-03
5.038674342636828563e-03
4.409468685421802370e-03
5.094897752377591793e-03
7.049986128146223940e-03
1.019030395940212497e-02
1.437189811646322202e-02
1.935047233788900201e-02
2.475934932945067501e-02
3.013762695815103143e-02
3.495571934080621279e-02
3.869474072281486876e-02
4.097325241848259747e-02
4.161744193122929314e-02
4.065810803908431748e-02
3.828003216230846384e-02
3.475823748939044222e-02
3.039761097077442464e-02
2.550630812321874608e-02
2.040565813395101014e-02
1.545750354783859137e-02
1.104939175083730074e-02
7.552567822997513503e-03
5.255652836568369679e-03
4.316351220888470230e-03
4.799045298576887220e-03
6.662108489802087696e-03
9.763549837133789211e-03
1.385335835077972089e-02
1.857073110782525571e-02
2.345858115258236953e-02
2.801819567831309588e-02
3.181095693686675219e-02
3.453790937649714454e-02
3.608154129069907068e-02
3.650288054826467121e-02
3.597477744382326925e-02
3.469682437740417846e-02
3.282581681872942525e-02
3.045626571772852564e-02
2.764983795777442577e-02
2.450302742043586335e-02
2.118527579408213679e-02
1.795744630041340439e-02
1.513462628383055453e-02
1.301020257130813818e-02
1.178653124094175553e-02
1.152432098454370113e-02
1.213463038356787926e-02
1.341712972586739383e-02
1.511961053475396888e-02
1.698827757117482573e-02
1.881621098641372836e-02
2.047338390521147300e-02
2.190069146755135865e-02
2.313839249787597030e-02
2.429158619591575974e-02
2.546915639974456358e-02
2.672849212911421191e-02
2.804148054628352593e-02
2.929966168923170411e-02
3.034202703821553548e-02
3.099657659600107973e-02
3.112008168772562033e-02
3.062810993913589463e-02
2.951195640325154912e-02
2.783854154455134289e-02
2.572397216562272160e-02
2.330016891970976278e-02
2.068860845612663368e-02
1.799451734211632292e-02
1.533765007845477868e-02
1.288293132586038059e-02
1.084621451618972277e-02
9.483552144051721200e-03
9.036336275805245677e-03
9.681608326959634248e-03
1.146968289995697887e-02
1.430740746823355725e-02
1.796893664453613759e-02
2.211340058106558981e-02
2.635164959469349366e-02
