2.009897148717793632e-04
3.061330714984742871e-04
5.808132034857064856e-04
9.933280486479059354e-04
1.481103234135194846e-03
1.932694146184049666e-03
2.193591383077540986e-03
2.282123688096690355e-03
2.386601219148806220e-03
3.060521137127237591e-03
4.845819847320599442e-03
8.446292287583782518e-03
1.345560068732646469e-02
1.944749265094970411e-02
2.507856510256534568e-02
2.930356041726347310e-02
3.119298927871774416e-02
3.221687243905237835e-02
3.181298870416075786e-02
3.176558486418981642e-02
3.231021622319221742e-02
3.398645093619151458e-02
3.598184204925584939e-02
4.030865815278682207e-02
4.603260573771513625e-02
5.431740675243888067e-02
7.202570099207272758e-02
9.478252025110971146e-02
1.225790655071251206e-01
1.516503217946969240e-01
1.768032275397912745e-01
1.965118213773640321e-01
2.078323476467285325e-01
2.105893219888287649e-01
2.054251482181966570e-01
2.003282156768281808e-01
1.934301734697498609e-01
1.894388548642605974e-01
1.912260020473793565e-01
2.187456634232355646e-01
2.557900159335728674e-01
2.908969373433848982e-01
3.520202897841148149e-01
3.985963013061253335e-01
4.424646394746040712e-01
4.304761819519157817e-01
4.292847732891677537e-01
4.206651303951361442e-01
3.992077760003046039e-01
4.031347045038257693e-01
4.023726305888853383e-01
4.126583630884056997e-01
4.042209109232317021e-01
4.072069547980347037e-01
4.112193547437674734e-01
4.241894565757511337e-01
4.182432431219432756e-01
4.269846592810569996e-01
5.066246510549352600e-01
6.013838027835897160e-01
7.093936637225741748e-01
8.314240923462892230e-01
9.382508017589999971e-01
1.055262677480134803e+00
1.047603081879731279e+00
1.117912293028338500e+00
1.163063630620444489e+00
1.170124684550201355e+00
1.167948068342534951e+00
1.275661357152222619e+00
1.385220100544750865e+00
1.314757306648057789e+00
1.422000047280371327e+00
1.569141126352415760e+00
1.669143198938168426e+00
1.711863276884948881e+00
1.516975141068278798e+00
1.221061233158269532e+00
1.167581350818261310e+00
1.179824448823312721e+00
1.401206175737363280e+00
1.794132009645341919e+00
2.083219593171590223e+00
2.198212059025943521e+00
2.012331327891612176e+00
1.736737803474175168e+00
1.709909109037555996e+00
2.020216754072833076e+00
2.238822871118106850e+00
1.800601333724561659e+00
1.459787552076056372e+00
1.278374198633245751e+00
1.335350082876956668e+00
1.498429580762848490e+00
2.175061704233974158e+00
4.335419926602265051e+00
2.152309032183083559e+00
1.828442210766905829e+00
1.837359728663621850e+00
3.263567541860703969e+00
