1.976199927054101497e-04
3.930999919222203688e-03
1.240422842749382311e-02
1.902367558454210600e-02
1.927882408736016767e-02
1.380164006071542791e-02
7.019716422934705984e-03
3.533087987858935571e-03
5.021947431919871960e-03
9.798034993633219711e-03
1.443259614690328881e-02
1.605912722661697462e-02
1.412596808154241608e-02
1.055222813259253101e-02
7.920416685433286086e-03
7.451985149051816408e-03
8.683416986711130561e-03
1.048633116586273131e-02
1.193175384297409138e-02
1.257467057863145485e-02
1.233505896702493353e-02
1.141651735465048015e-02
1.018687186292760970e-02
9.192242713471479587e-03
9.093085587432839234e-03
9.952890325328261553e-03
1.108340989879952332e-02
1.193180048236616025e-02
1.223147446981024886e-02
1.166544958546819090e-02
1.063771312025156048e-02
1.001366002990471474e-02
9.984375513724984622e-03
1.029653680611676385e-02
1.082100770429857139e-02
1.138772428400830657e-02
1.177177766430755751e-02
1.182935110346361278e-02
1.152625947887303895e-02
1.108207539124551888e-02
1.075898858716129933e-02
1.063038145721580466e-02
1.085152387488785147e-02
1.150408235112807334e-02
1.215647763458437350e-02
1.235971853837823826e-02
1.225405732413132644e-02
1.204006113817794946e-02
1.175524081679869305e-02
1.162419838475286897e-02
1.183905952121227720e-02
1.208202269282982258e-02
1.234303732980047107e-02
1.279454449067532473e-02
1.319726624237604201e-02
1.322510617868633692e-02
1.306123626751261313e-02
1.276753778470916291e-02
1.253288525054890509e-02
1.264676617318147810e-02
1.325026165838454929e-02
1.397445019347881047e-02
1.421804144670658389e-02
1.402970160588113378e-02
1.374785278142259988e-02
1.361245921299485302e-02
1.373983031093727394e-02
1.408126571644274273e-02
1.434856179625659117e-02
1.430481685615461566e-02
1.421223880137205235e-02
1.439016808057484199e-02
1.478097745495554269e-02
1.499299545289720439e-02
1.487310989150559745e-02
1.466234400638777649e-02
1.458433716651626362e-02
1.467684738652516238e-02
1.484360771502079603e-02
1.499737101722173685e-02
1.516063365167529854e-02
1.541091256077247416e-02
1.579868225810666937e-02
1.615552037138727470e-02
1.582829730598855553e-02
1.479473271637901134e-02
1.411897980213355080e-02
1.465201923541875097e-02
1.598666387937921693e-02
1.735145898230741265e-02
1.793108271767246409e-02
1.717755609365448008e-02
1.545054956473152635e-02
1.395242538740177653e-02
1.356109805367601909e-02
1.496700034228132074e-02
1.795907846770348343e-02
2.030268213566758725e-02
1.983134067793188710e-02
1.680431809651911426e-02
