4.054249287176459049e-04
1.191178004253168332e-03
3.761121814853773948e-03
7.835008779260244083e-03
1.299311483197673756e-02
1.872951483679508033e-02
2.450787194945991398e-02
2.981424231198448460e-02
3.420410004435658902e-02
3.733976740760180935e-02
3.901436212175046769e-02
3.915805730353805192e-02
3.783232201785868831e-02
3.521217954680877504e-02
3.156628613699585806e-02
2.723279106656029125e-02
2.259253982534425997e-02
1.803713087830227657e-02
1.393424067093196328e-02
1.059488499579763765e-02
8.248430936457995521e-03
7.027490213858844648e-03
6.966591408192557289e-03
8.007238664984650534e-03
1.001029730100877480e-02
1.276710283484283615e-02
1.602069082501433872e-02
1.949132899582495249e-02
2.289891363706242355e-02
2.598812140178408114e-02
2.854232989345562022e-02
3.039751869976636822e-02
3.144784056367955216e-02
3.166642790716867051e-02
3.108594864031533067e-02
2.980512971188109539e-02
2.798413485182504878e-02
2.580661566080422187e-02
2.346042013887650324e-02
2.112231346433468548e-02
1.898585484520542987e-02
1.722155883355569461e-02
1.593333758752335516e-02
1.518416769157182600e-02
1.498521259518925675e-02
1.529459312956160666e-02
1.601779380695456112e-02
1.701139366602699710e-02
1.813190634579608940e-02
1.928273565642757426e-02
2.041159954651317054e-02
2.146115887386546017e-02
2.243336589696298677e-02
2.337215976561657360e-02
2.427279611940602599e-02
2.509349877129385398e-02
2.577038497758743496e-02
2.620551391201486613e-02
2.629304910186514022e-02
2.601726544378013539e-02
2.544912495538553809e-02
2.465378496892312032e-02
2.377902722464364516e-02
2.293996727590452700e-02
2.220369153842838283e-02
2.156677281980579064e-02
2.103091130526446584e-02
2.063210173178364748e-02
2.038741599526927573e-02
2.030653784737546097e-02
2.033469965707057625e-02
2.040915563474943184e-02
2.050220426020654685e-02
2.066432445646482208e-02
2.099933357926664357e-02
2.158847411924780246e-02
2.251619902185819644e-02
2.372601179401612193e-02
2.502613098746431231e-02
2.619213356534910719e-02
2.697921734451025344e-02
2.721273978249683090e-02
2.686417951306641072e-02
2.607389759906930671e-02
2.507584421022379662e-02
2.411823619318109735e-02
2.343983055096821033e-02
2.318915047737213353e-02
2.338253465482476035e-02
2.395264650135431328e-02
2.474482386078979967e-02
2.555035831932439550e-02
2.611357683804771401e-02
2.630825019769655881e-02
2.616505325829032724e-02
2.587083351661234598e-02
2.568205367502129910e-02
2.577341845357161709e-02
2.623020853322333146e-02
2.694785412979738837e-02
2.772807398753174279e-02
2.834697390689766561e-02
2.851899450329753449e-02
2.805285837446847008e-02
2.701854519474056193e-02
2.571788040202549475e-02
2.448881229421961958e-02
2.377622458578210196e-02
2.387502021036547184e-02
2.487334677627528468e-02
2.665923447670670576e-02
2.888641615876574864e-02
3.110868308190317677e-02
3.291783898753564142e-02
3.403989992170031176e-02
3.438654290633791355e-02
3.413674929072019193e-02
3.356100530333538945e-02
3.288261983946438871e-02
3.228332792544363894e-02
3.187710492927098294e-02
3.162088102809779144e-02
3.131995175165958045e-02
3.075958115448207408e-02
2.982590541579410726e-02
2.852416419342795884e-02
2.706785748622064780e-02
2.574197137318701145e-02
2.482501743410192585e-02
2.461452820426957011e-02
2.521655373412312606e-02
2.658254073427046560e-02
2.855046799953087078e-02
3.089036076174223044e-02
3.338891928084131155e-02
3.578897939362735148e-02
3.788771494190512623e-02
3.964094046999722121e-02
4.100851916805803299e-02
4.202130602753895161e-02
4.271771764085618983e-02
4.293082932133096552e-02
4.250225352678116408e-02
4.137536997440816045e-02
3.958773223423095455e-02
3.723208310012215971e-02
3.447939974255864737e-02
3.165682850199003084e-02
2.910149719455790152e-02
2.699389140743368998e-02
2.551306713722201192e-02
2.484790591595520404e-02
2.514438154003728609e-02
2.646689522043421672e-02
2.880524880846024871e-02
3.195726467225723511e-02
3.567051563889622745e-02
3.969423916310321765e-02
4.356141693044290886e-02
4.696892367180249828e-02
4.972318273803844058e-02
5.163066004668781517e-02
5.250778810904632721e-02
5.226431288354038696e-02
5.095660624862441423e-02
4.873216026244020505e-02
4.579644275641103768e-02
4.246316822493134691e-02
3.903708677958217521e-02
3.576229115617202137e-02
3.284198062627907699e-02
3.040912445061039193e-02
2.863502725591116072e-02
2.769983148310306564e-02
2.777258210581856623e-02
2.899978504926570277e-02
3.138678090555213629e-02
3.484764156188158157e-02
3.907808601916651359e-02
4.366863022774625236e-02
4.818990561195046762e-02
5.218589030912657023e-02
5.524768069649199642e-02
5.710121932747957985e-02
5.762827829539363123e-02
5.693571534250629895e-02
5.527487151269161458e-02
5.273580476404082784e-02
4.952186541603376124e-02
4.588325505455947972e-02
4.207739023169088100e-02
3.840529187817887102e-02
3.522055313484262484e-02
3.283450648211483358e-02
3.143949260374645505e-02
3.125390828357099693e-02
3.238469077680616870e-02
3.470562988507397417e-02
3.793310576354402830e-02
4.174764624079796427e-02
4.577602430341443096e-02
4.960384118197769254e-02
5.289887674649274008e-02
5.541500897627738009e-02
5.697656986410581936e-02
5.755037188557488026e-02
5.725821690749377524e-02
5.625495247740908145e-02
5.463419179386641567e-02
5.249424483329145907e-02
5.003296194552819820e-02
4.743575812142875048e-02
4.487144259283648573e-02
4.257282334594236772e-02
4.079883804901018873e-02
3.973069830864583984e-02
3.946899882982468633e-02
4.003430343486646947e-02
4.132760438297011785e-02
4.317205641341170796e-02
4.539398611387979177e-02
4.779093001781420380e-02
5.003077635777430920e-02
5.176757827463973616e-02
5.288750587695811856e-02
5.340578118474825775e-02
5.336765689486089315e-02
5.292905004420866977e-02
5.226514152331196428e-02
5.150937844932224063e-02
5.080080275386589239e-02
5.020769667194135977e-02
4.969562777171321333e-02
4.926433993347323348e-02
4.893322655741572103e-02
4.870993406558299377e-02
4.865079239404024314e-02
4.876111565454988028e-02
4.898749956407366657e-02
4.926823202498620269e-02
4.958161129686045054e-02
4.991145143806985374e-02
5.018908274494626731e-02
5.038814571283734001e-02
5.051543839032457406e-02
5.059820912826040740e-02
5.066172141308722399e-02
5.073794738565129414e-02
5.087867334917772766e-02
5.114546624736748814e-02
5.159629851374558651e-02
5.212642736156058998e-02
5.266562859224988014e-02
5.323059388104112166e-02
5.372851479602414049e-02
5.402300000815529746e-02
5.408168413293024113e-02
5.390561451417608119e-02
5.358348427411918635e-02
5.330881328784808915e-02
5.320118398836315432e-02
5.323923087924631314e-02
5.334898129146592449e-02
5.347800132215041469e-02
5.358517079451818876e-02
5.358885040173333447e-02
5.349643873535681049e-02
5.341282394422575130e-02
5.340957438237026178e-02
5.354506056177554818e-02
5.386665501701115577e-02
5.437927855321478265e-02
5.504895586330249557e-02
5.574945137224029956e-02
5.631433838731614294e-02
5.660949330311237926e-02
5.654535219333012286e-02
5.610193598010149163e-02
5.537253320512058874e-02
5.449033513224776915e-02
5.360089574403492652e-02
5.290769098088488054e-02
5.251503943569801880e-02
5.245575726853513032e-02
5.275671097939738097e-02
5.344992105036139307e-02
5.451434874039928768e-02
5.582215309882199161e-02
5.729393740481458774e-02
5.885222549977631168e-02
6.036144925851760767e-02
6.171325194425869576e-02
6.280523081411948372e-02
6.340844386618205153e-02
6.326166293511314986e-02
6.224717482237485111e-02
6.042996422571778048e-02
5.806181620145633993e-02
5.549337408694543505e-02
5.305300021279812928e-02
