1.355166336781090308e-04
2.914545050442557297e-04
6.110718896706560793e-04
1.142987849714537053e-03
1.811288531800962082e-03
2.465593787991080671e-03
3.032844624255050681e-03
3.738212719491781563e-03
4.660596251359249743e-03
6.781148586331445065e-03
9.647068007808791770e-03
1.383033706228328948e-02
1.861662677237879357e-02
2.474309334108574718e-02
3.132062352942765332e-02
3.886915832613670185e-02
4.473985275204216128e-02
4.906804111660661299e-02
5.255349462816304162e-02
5.567167463562740226e-02
5.401880451606255740e-02
5.165918468212878784e-02
4.909583283096197875e-02
5.179652269661814967e-02
5.996458532663066082e-02
6.754738220936257198e-02
7.808338440581993889e-02
8.493414675117894053e-02
9.145094598144763720e-02
8.925977946149327158e-02
7.340763130981436957e-02
6.978916229065110222e-02
5.838810196227284949e-02
6.161928875053933330e-02
5.728735847674687465e-02
4.996024480570750159e-02
5.710705231370276358e-02
3.756627133639781069e-02
3.665615760947703305e-02
1.292911120609975192e-02
1.161291763679250973e-03
2.942114982929377315e-02
6.124771769493460305e-02
1.271920419459641183e-01
2.018381658070915463e-01
2.789022961087079810e-01
3.520737367643297921e-01
4.316979475322084703e-01
5.163460452123258548e-01
6.198745393260388648e-01
7.156790162028796587e-01
8.232833031701066728e-01
9.243820770189313807e-01
1.076634803635804660e+00
1.206817165598063069e+00
1.315627743617308276e+00
1.440828110632024206e+00
1.512166953075536391e+00
1.612214046958649893e+00
1.748648960898737892e+00
1.882418523706408164e+00
2.096958604412575422e+00
2.364617678811628210e+00
2.649426457865771134e+00
2.938479278250706095e+00
3.016794369633144957e+00
2.700729435199176187e+00
2.409596354630413551e+00
2.085138375505446895e+00
1.848555193387499296e+00
1.543738202892248612e+00
1.430850848971501055e+00
1.101676760886442619e+00
7.013123397133376180e-01
2.773460333603821049e-01
2.072109763712333963e-01
7.268671509824025101e-01
1.036575024464375883e+00
1.309315331016704054e+00
1.493989451427189419e+00
1.874434591037672515e+00
1.869474168252595270e+00
2.483371287889772461e+00
2.782352557700468410e+00
2.681434634609813461e+00
2.423048064853046579e+00
2.412422546361923104e+00
1.922357489909684247e+00
1.246575999510451949e+00
6.688283787407142134e-01
5.679332826986339955e-02
8.067111264331612575e-02
3.554181680133779858e-02
2.152245697391587734e-02
4.592197881566318501e-02
2.707382304709247123e+00
3.118511561737932425e+00
3.099928924338282155e+00
3.083096118778757333e+00
3.107364747716307996e+00
