8.633770831790695047e-15
3.296334287766630126e-04
1.731840618084336215e-03
7.280466023349116238e-03
1.530572741146967418e-02
2.202607684513670575e-02
2.562649653657906798e-02
2.629157803100744609e-02
2.516672604812141695e-02
2.466196958786107812e-02
2.780639368829265420e-02
3.561510050105969050e-02
4.482605912583811913e-02
5.128549583474317081e-02
5.285903238714322050e-02
5.010944626175831834e-02
4.725751481426059691e-02
5.052284879213187613e-02
6.015108014889266469e-02
7.060911361323533864e-02
7.660972941949434345e-02
7.611890108831328994e-02
7.258001020472314158e-02
7.186393370501631406e-02
7.662889699307327829e-02
8.516042928454269079e-02
9.316762249890905845e-02
9.758231441527040473e-02
9.813618719365396759e-02
9.760907478690969419e-02
9.844820386542887936e-02
1.021094138903961696e-01
1.082656045752318913e-01
1.146677244021093722e-01
1.197318158767109036e-01
1.232014292265601191e-01
1.250136290604721701e-01
1.256035109924482640e-01
1.267703419624214289e-01
1.304863980525278744e-01
1.363538326932877409e-01
1.428174729188930736e-01
1.481968912812494654e-01
1.508142403863242109e-01
1.509716158938873010e-01
1.508963368445156716e-01
1.527563468966174620e-01
1.579929034965015244e-01
1.665362638443881049e-01
1.743413459834975976e-01
1.775213326691239268e-01
1.760364081738102771e-01
1.731262256456873871e-01
1.740110561131319178e-01
1.813582791219353618e-01
1.926509688699588052e-01
2.009715381748748142e-01
2.017871212670409309e-01
1.979082451817732735e-01
1.949277765638181836e-01
1.981186741288434583e-01
2.081544220952077640e-01
2.186066187948114692e-01
2.231611762885704897e-01
2.225336181162831106e-01
2.205047254985914307e-01
2.213153935924341564e-01
2.269651365745730398e-01
2.339398967403921170e-01
2.389838864283423125e-01
2.425081232803880937e-01
2.452455424115655980e-01
2.476603306230243662e-01
2.497743110445736769e-01
2.517330949336313850e-01
2.539754051597100659e-01
2.582074247390315769e-01
2.653107925174532089e-01
2.725279251166807803e-01
2.766136194895587597e-01
2.769268147963352411e-01
2.750911036864671644e-01
2.746970193944534011e-01
2.794395724356542043e-01
2.893798292311332010e-01
2.993607969310093098e-01
3.040796008149965757e-01
3.018601715014805897e-01
2.968784915091055021e-01
2.958012422592035118e-01
3.022749815693622777e-01
3.146126944232269795e-01
3.258060040502862575e-01
3.293688731789762847e-01
3.252027813366654696e-01
3.195821546160868554e-01
3.193822191703412083e-01
3.276904878098853557e-01
3.407201569299398436e-01
3.500700439872316827e-01
