0.000000000000000000e+00
2.498001805406602216e-16
-5.551115123125782702e-17
6.383782391594650107e-16
2.220446049250313081e-15
2.442490654175344389e-15
1.240674230018612434e-14
1.154631945610162802e-14
1.304512053934558935e-14
1.637578961322105897e-14
1.505739977147868558e-13
3.549660565482781749e-13
4.501399253342697193e-13
7.498168752562150985e-13
8.364142711769773086e-13
1.080052713930967911e-12
1.386446513151895488e-12
1.780270375562054141e-12
2.452205105640814509e-12
3.155198324833463630e-12
4.139605325192974306e-12
5.545092163217191228e-12
7.400219326214596549e-12
9.042627757693821877e-12
1.095790125305029505e-11
1.320615838906746831e-11
1.587277531633901617e-11
1.890862466602527547e-11
2.250033492856573503e-11
2.477690275171084977e-11
2.967365242412256521e-11
3.632719125512551273e-11
4.177269641303382741e-11
5.399081182133613765e-11
7.267297874591349682e-11
8.940989615346950359e-11
1.100453894675723632e-10
1.395246695956586791e-10
1.777382407919247953e-10
2.373165552960188052e-10
3.084798250174713985e-10
4.024112154610293146e-10
5.156114701865277539e-10
7.022214754126565595e-10
9.930437860905527714e-10
1.347697869968911277e-09
1.956994039042925237e-09
2.605239801667380561e-09
3.513132978971711395e-09
4.902924594096802480e-09
7.343399749393242359e-09
1.131219914962677819e-08
1.962059434368335076e-08
2.941647961329785232e-08
4.930933508728863046e-08
8.991020405968441764e-08
1.372243475239454114e-07
2.252777134004180226e-07
3.446469921952743931e-07
5.144681786417582003e-07
7.723640402801379423e-07
1.152657976899451597e-06
1.829328939051411140e-06
2.926260109420431021e-06
4.466172063760653899e-06
6.670564627414554693e-06
9.861639512609432501e-06
1.441767563956086740e-05
2.147555810372292484e-05
2.871292681258519330e-05
3.930069732391294757e-05
5.543758414000565793e-05
7.410002599111953359e-05
1.014340924037904212e-04
1.340656071748269618e-04
1.721193380871122169e-04
2.182622046518478687e-04
2.791758255593912441e-04
3.470882709699085744e-04
4.234321880035585295e-04
5.060128869669999752e-04
5.803480775626035371e-04
6.535614733896022432e-04
7.421882268750790157e-04
8.195505546053916124e-04
8.782198688239983841e-04
9.494938320808443688e-04
1.029259401714249789e-03
1.088325172610565827e-03
1.144645023082979662e-03
1.196732702556102534e-03
1.243914626358005870e-03
1.295340424037394467e-03
1.348009938349326031e-03
1.387210991364434820e-03
1.435723677326555814e-03
1.475805594316509373e-03
1.510589613209684101e-03
1.560156112253963112e-03
1.593462194114436681e-03
