3.951619072409817690e-04
7.832621821393326300e-03
2.450763293755453542e-02
3.733847854613847606e-02
3.782861299636863794e-02
2.723082502898765966e-02
1.395024309028847220e-02
7.052884469400666489e-03
9.990304086764711933e-03
1.938426451574981613e-02
2.846810912962238760e-02
3.161211832837274027e-02
2.770579693388353082e-02
2.090839061087768069e-02
1.603234489285632058e-02
1.455278060994258382e-02
1.690495394587421263e-02
2.118558568742201498e-02
2.334673092637806757e-02
2.431934280172598495e-02
2.479197059203686049e-02
2.261705569723759801e-02
1.999463714757876431e-02
1.845213132780165743e-02
1.767946494926642131e-02
1.879541470735579534e-02
2.168936088656514549e-02
2.360906159178821628e-02
2.392380321470910509e-02
2.466487213121892896e-02
2.279336773386042569e-02
1.769006290862695785e-02
1.607572644892352187e-02
1.922855699098324767e-02
2.177647949942262962e-02
2.391486337572945597e-02
2.725069599624041494e-02
2.600236646483444769e-02
1.947792959760608067e-02
1.553501092292830510e-02
1.710355789675432892e-02
2.035930210050873601e-02
2.402592368995171146e-02
2.795692048838538390e-02
2.852706613739519614e-02
2.343989237565702322e-02
1.625535497702679244e-02
1.305457977516344403e-02
1.682401681459433362e-02
2.537712779545331365e-02
3.250311219507140414e-02
3.234271417152367878e-02
2.476332400487391006e-02
1.546548781134859940e-02
1.092302535417100096e-02
1.486932120518125178e-02
2.528780216950898829e-02
3.430470937472673842e-02
3.546074537174614960e-02
2.806204322079763891e-02
1.711621217854586430e-02
1.071018148784108615e-02
1.326537720155407385e-02
2.330862128940436317e-02
3.393622977101051763e-02
3.681759689189112450e-02
3.036986664126128943e-02
2.042327836006341268e-02
1.400003717647846369e-02
1.462894026778505108e-02
2.149492966922006421e-02
2.963589989576986827e-02
3.312551692398624237e-02
3.052733862768364226e-02
2.479062532474796132e-02
2.049293593878054320e-02
2.012928962205862149e-02
2.249664729746092551e-02
2.479367881858807188e-02
2.559186183702688577e-02
2.597362993022722666e-02
2.691141783131967280e-02
2.844560955192454443e-02
2.885687270873782406e-02
2.554828991523183657e-02
2.095201391932877133e-02
1.937771250869546602e-02
2.162488870055701007e-02
2.680786844084925846e-02
3.300538921460438591e-02
3.453959532060080218e-02
2.918280009875751091e-02
2.218056947810320700e-02
1.866584791343051108e-02
1.903030597161425863e-02
2.314083689253465526e-02
3.078097933273904463e-02
3.665343671506604561e-02
3.469127531095628214e-02
2.679715058688314500e-02
