-4.265575019800133205e+00
-4.265585648710174205e+00
-4.265576907505029602e+00
-4.265577756935102549e+00
-4.265581481626435689e+00
-4.265580475620286194e+00
-4.265572714341420379e+00
-4.265576457914511010e+00
-4.265576304907165550e+00
-4.265576035248851205e+00
-4.265580560638285945e+00
-4.265574227691902642e+00
-4.265570941739884603e+00
-4.265583860975661779e+00
-4.265581072958402942e+00
-4.265575227620343135e+00
-4.265579439293492037e+00
-4.265574090308018818e+00
-4.265581885470233203e+00
-4.265583576398032761e+00
-4.265570335504984101e+00
-4.265572399699883555e+00
-4.265579079297899590e+00
-4.265572226289203961e+00
-4.265576016355184130e+00
-4.265583109230906445e+00
-4.265578094942293674e+00
-4.265574452565543240e+00
-4.265578679095337833e+00
-4.265581325878788022e+00
-4.265574498009319981e+00
-4.265577829250565500e+00
-4.265581577332401508e+00
-4.265576231004555297e+00
-4.265582813920200778e+00
-4.265578513269485228e+00
-4.265580319727287240e+00
-4.265578938272478915e+00
-4.265581183380986019e+00
-4.265581850244743123e+00
-4.265581632555297986e+00
-4.265576984654221526e+00
-4.265584302126445237e+00
-4.265579003611013498e+00
-4.265586787066507846e+00
-4.265584911259409751e+00
-4.265571959665767743e+00
-4.265580691322270468e+00
-4.265579760302280476e+00
-4.265576216039357327e+00
-4.265585389767153401e+00
-4.265580435224105571e+00
-4.265576640630701633e+00
-4.265581547452924838e+00
-4.265577553689274382e+00
-4.265580866973366803e+00
-4.265581029415509207e+00
-4.265577580224306331e+00
-4.265574180373031155e+00
-4.265573041987680725e+00
-4.265579116608627430e+00
-4.265584577392811383e+00
-4.265574531643133049e+00
-4.265579082551310464e+00
-4.265584989936776594e+00
-4.265575830395611945e+00
-4.265576554217771488e+00
-4.265587329971483932e+00
-4.265576284144152019e+00
-4.265579385233477794e+00
-4.265580033754561740e+00
-4.265582690188885806e+00
-4.265581152418986832e+00
-4.265580018712867627e+00
-4.265580786528799351e+00
-4.265582095852441746e+00
-4.265573238084005681e+00
-4.265585936587346971e+00
-4.265580644107928698e+00
-4.265573900679151542e+00
-4.265577178691442484e+00
-4.265579702213254443e+00
-4.265573065775560835e+00
-4.265583972449424444e+00
-4.265573631490527262e+00
-4.265578701830910369e+00
-4.265580845552729095e+00
-4.265576050092051652e+00
-4.265581836010645667e+00
-4.265580779903526576e+00
-4.265581173336716603e+00
-4.265577631230355493e+00
-4.265576482250399870e+00
-4.265583062092043853e+00
-4.265579853878765704e+00
-4.265580900624765803e+00
-4.265581030700184684e+00
-4.265583040446808916e+00
-4.265577528308642563e+00
-4.265584497321812663e+00
