-1.942890293094023946e-16
5.273559366969493567e-16
1.942890293094023946e-16
1.110223024625156540e-16
1.970645868709652859e-15
1.942890293094023946e-15
8.215650382226158399e-15
9.464651284929459507e-15
8.992806499463767977e-15
1.371125435412068327e-14
7.982503547054875526e-14
1.458000387088986827e-13
2.197408921489341083e-13
3.950728633128619549e-13
4.388434060587087515e-13
5.878353359634047592e-13
7.706890681191680414e-13
9.978129433818594407e-13
1.429051321721885870e-12
2.725875081210915596e-12
3.774203172213219659e-12
7.125244838590560903e-12
9.777290088663903589e-12
1.520372716612428121e-11
2.042516156208762368e-11
2.540981314247403589e-11
3.096045642081435290e-11
3.398606396309844513e-11
4.088906990773466532e-11
4.939740283482763061e-11
5.831574112491466622e-11
6.801226248853708967e-11
8.453215905035449396e-11
1.052207765361856673e-10
1.367280177966279098e-10
1.884953304553960152e-10
2.474463411950011960e-10
3.498567546778019732e-10
5.687279258648203495e-10
8.715581589768817139e-10
1.249162495664535300e-09
2.088233030939079526e-09
2.932271037092704091e-09
3.997870395844316249e-09
5.850865569811958267e-09
8.153370784080848921e-09
1.125476117858070779e-08
1.577212330183819233e-08
2.330396706162751741e-08
3.219192390435665629e-08
4.648938906059996157e-08
7.236708313151929417e-08
1.041796452716514665e-07
1.413723981213976799e-07
1.937420425757174769e-07
2.756734960585038863e-07
3.974432468412114616e-07
5.688477961174331909e-07
9.107730236657118894e-07
1.396735097330958908e-06
2.157928500001737859e-06
3.460168878699487749e-06
5.151888743892829581e-06
7.919786303989262422e-06
1.171502641209021256e-05
1.756954585308001526e-05
2.587247398364023176e-05
3.722585921894783212e-05
5.401090853879297882e-05
7.660900909264856118e-05
1.066943038785794773e-04
1.457916129959657692e-04
1.927046244097063710e-04
2.541256471882413770e-04
3.209258307445284064e-04
3.879168008653899324e-04
4.615162825273022573e-04
5.469078271082561393e-04
6.199314688034585075e-04
6.901905520041162756e-04
7.691078495170589058e-04
8.427502407181985955e-04
9.019987546586838434e-04
9.718747907834224264e-04
1.035174002399108506e-03
1.076988656008331935e-03
1.129879088189789105e-03
1.189480929970787582e-03
1.232577069600115927e-03
1.277228183841599973e-03
1.321544125077928067e-03
1.373612837936105668e-03
1.417183810846239789e-03
1.454791175753866739e-03
1.490201686707354201e-03
1.522857750424377876e-03
1.560441445131233174e-03
1.595802052987954633e-03
1.632175986602785178e-03
1.671989185523692356e-03
