8.244084739379653470e-03
8.117512547251015675e-03
6.905167321811234160e-03
5.062805351092269923e-03
3.220445016856143816e-03
1.928603099209280636e-03
1.323176112852042507e-03
9.695563829759112906e-04
8.166763905088636477e-04
7.178812448186411288e-04
7.820975641665839362e-04
7.666123367856547688e-04
6.395748832057623900e-04
6.161716834151009792e-04
6.173440488590475894e-04
6.011906353770024580e-04
6.303431894366662291e-04
6.298088546432545343e-04
6.108012754870717487e-04
5.934371347454669987e-04
6.423344751941284514e-04
6.568708445765514270e-04
6.093079504196907692e-04
6.162450033160293827e-04
6.590204932339638333e-04
6.366298269842030066e-04
6.088603018602478656e-04
5.643176527158066946e-04
5.507029754392434029e-04
5.905500492242587995e-04
6.648387481965611912e-04
6.455854837672525548e-04
6.174595554788719909e-04
6.136417751266831644e-04
5.914752708261472591e-04
6.110380845272267436e-04
6.513682138438170455e-04
6.986599726059861126e-04
7.141932966870934152e-04
6.301108792694520844e-04
5.911630931286770974e-04
6.168136558285519655e-04
6.188587240792964295e-04
6.462870175106827375e-04
7.045855278151602619e-04
7.460758275156242902e-04
6.751598444019180079e-04
6.179110888414607317e-04
6.398646321735812492e-04
6.073046543974003342e-04
6.758784831085717926e-04
7.170445645118261879e-04
7.271539580296915162e-04
6.329776067897086023e-04
6.100765828439547178e-04
7.010860573199995116e-04
6.452639586004282890e-04
6.853378824196454389e-04
6.773493795408924711e-04
6.771305613785250088e-04
7.094801425110430770e-04
6.828867068824351350e-04
6.947669010211043883e-04
6.464271942431265572e-04
7.304545380149018996e-04
6.609137968421885390e-04
6.758238118615977896e-04
