1.803087710936864312e+02
1.821822545528411865e+02
1.823679810365041192e+02
1.828200487295786445e+02
1.832931282122929986e+02
1.828643778959909980e+02
1.819575770696004327e+02
1.827694836060206001e+02
1.827964002291361396e+02
1.816358649730682373e+02
1.827908111413320000e+02
1.805491482814153130e+02
1.818120226462682183e+02
1.842566727399826050e+02
1.825839176972707207e+02
1.818261498212814331e+02
1.813211632172266548e+02
1.838185491164525445e+02
1.829011213779449463e+02
1.828119943539301460e+02
1.832799702485402520e+02
1.828996235926946099e+02
1.822834655443827216e+02
1.826785210371017456e+02
1.830810519854227607e+02
1.826302270491918023e+02
1.810825157165527344e+02
1.830237683455149238e+02
1.814299498796463013e+02
1.818859124978383477e+02
1.815931280453999932e+02
1.814922759930292671e+02
1.847222204605738227e+02
1.834188638528188164e+02
1.814365187883377075e+02
1.818064615726470947e+02
1.828935694694519043e+02
1.816086212793985908e+02
1.827547028859456475e+02
1.832937969764073785e+02
1.827628636757532661e+02
1.823308635155359809e+02
1.827337762912114556e+02
1.825806728204091485e+02
1.824580166339874268e+02
1.824066895643869941e+02
1.824624730745951240e+02
1.821208958228429253e+02
1.817343859672546387e+02
1.827096260388692315e+02
1.824539632002512519e+02
1.819181156953175957e+02
1.816971724828084405e+02
1.837716675996780396e+02
1.823343936999638970e+02
1.846204236348470147e+02
1.920831681092580254e+02
1.938789082765579224e+02
2.004683732986450195e+02
2.019764264027277534e+02
2.028172877232233589e+02
1.976529146035512383e+02
2.058478573163350518e+02
2.103338178793589179e+02
2.130993223985036309e+02
2.167054847478866577e+02
1.866076378027597968e+02
1.839718941052754815e+02
1.819982626438140869e+02
1.827806094090143745e+02
1.813313306570053101e+02
1.833082624276479180e+02
1.836486122608184814e+02
1.827131211757659912e+02
1.809671078523000176e+02
1.841339057683944702e+02
1.832071593602498467e+02
1.821419768333435059e+02
1.829765599966049194e+02
1.837871323823928833e+02
1.822204124927520752e+02
3.885887903372446885e+02
1.822683630784352715e+02
1.818161737124125068e+02
1.817226945956548150e+02
1.822769274314244683e+02
1.815882951021194458e+02
1.821288371483484809e+02
1.811224241256713867e+02
1.816339825789133613e+02
1.827541412909825738e+02
1.802174177169799805e+02
1.805160003105799262e+02
1.826174904108047485e+02
1.812327061096827094e+02
1.817527010440826416e+02
1.818359041611353462e+02
1.853330079317092896e+02
1.824737516244252618e+02
1.833582096099853516e+02
