1.355221480754335145e-04
2.464918200517173582e-03
9.639642356347902924e-03
3.887852534403894722e-02
5.397421330993854016e-02
6.829127687638118782e-02
7.322195939124495623e-02
5.064642657905473605e-02
1.286070601643077857e-03
2.698049015563087072e-01
7.180216409679190948e-01
1.306318708386498884e+00
1.864837119335800653e+00
3.016642973343968137e+00
1.593212075702346242e+00
1.994743631155362906e-01
1.738989152580764808e+00
2.646008010025886037e+00
1.640926682977852241e-02
2.931923820096524302e+00
