2.026339987129356169e-04
5.955081175199612286e-04
1.883432874077161766e-03
3.931967439717222457e-03
6.537777270101959720e-03
9.451729203295117579e-03
1.240421262748724919e-02
1.513090699863792188e-02
1.739780850769539339e-02
1.902318771288600066e-02
1.989300346865048585e-02
1.996722694978507115e-02
1.927731613076743775e-02
1.791731870572386282e-02
1.603152012994861139e-02
1.380018668364140291e-02
1.142327259657503237e-02
9.102477434776894485e-03
7.023244343025730752e-03
5.339332421504781184e-03
4.161742430483618763e-03
3.552808941068249116e-03
3.526025850104337958e-03
4.051614685480710645e-03
5.062753108889246276e-03
6.458707177321235116e-03
8.113362207222998140e-03
9.886566567776648023e-03
1.163691161044782055e-02
1.323461171036592610e-02
1.456600414661308497e-02
1.554049011943254947e-02
1.609271348515262795e-02
1.620583848149528133e-02
1.590039960311925848e-02
1.523356185602659993e-02
1.428727221414854455e-02
1.316040035047189027e-02
1.196312554636813977e-02
1.080171233981951952e-02
9.758495730335076113e-03
8.897138327676350211e-03
8.263015270701119797e-03
7.884961197776031022e-03
7.768235208391196731e-03
7.897972793363261870e-03
8.244440214210139659e-03
8.761921955251439353e-03
9.393102978537912554e-03
1.008611310715208653e-02
1.079371298427528672e-02
1.145289693752994491e-02
1.202885808692869506e-02
1.251062896321231653e-02
1.288749325304018936e-02
1.318545287175327402e-02
1.342608108174670085e-02
1.359307428696620787e-02
1.366453030797522804e-02
1.362977590030708779e-02
1.349063527341522704e-02
1.324835671870243717e-02
1.291952352543131524e-02
1.253586575532088764e-02
1.212964628815317927e-02
1.172818218845680764e-02
1.137420078389406175e-02
1.110195461925780891e-02
1.092039161585417646e-02
1.084230449511573366e-02
1.085367256264680065e-02
1.093957425533159493e-02
1.109094380808652719e-02
1.130581980875940834e-02
1.157813842582845060e-02
1.188913500965569324e-02
1.225512189701365856e-02
1.267493696916752524e-02
1.311162706173533976e-02
1.355189363085501815e-02
1.396717313285011745e-02
1.430908743939429337e-02
1.453110570567723789e-02
1.461748491365677700e-02
1.458305903401615165e-02
1.446218832170591967e-02
1.430035770227476404e-02
1.413774997346708973e-02
1.401318631772766575e-02
1.394414402612027468e-02
1.393378499881353823e-02
1.397826134805913063e-02
1.403049511318269459e-02
1.408956954236063354e-02
1.418333860600695488e-02
1.433174633829820306e-02
1.454107082798177658e-02
1.477241654189093145e-02
1.502654920619309747e-02
1.531084182817314329e-02
1.565376368224892858e-02
1.603631917997316858e-02
1.639345738648397346e-02
1.667585806187314029e-02
1.692630441012187362e-02
1.719474769253671875e-02
1.744514516043224953e-02
1.768918927027032101e-02
1.793633807030354729e-02
1.816466261105669985e-02
1.833681593703305815e-02
1.845900940476669083e-02
1.853851119435759656e-02
1.860703153412611444e-02
1.865691738861779275e-02
1.866038042901047717e-02
1.863602886011021115e-02
1.859795842516059547e-02
1.856815115676662201e-02
1.854985489574288021e-02
1.856964842430792670e-02
1.866309260837746217e-02
1.882574283672979257e-02
1.907131593289731336e-02
1.938472467737704930e-02
1.965902701365274119e-02
1.993640584609680799e-02
2.032778082932159419e-02
2.076407561432043122e-02
2.124866856233361898e-02
2.176085861319068671e-02
2.224489423714675132e-02
2.267927061972990072e-02
2.308026494671130968e-02
2.341570679320534656e-02
2.363329186498202422e-02
2.371704563358718182e-02
2.371033109352799553e-02
2.368203876372973124e-02
2.373577675824968883e-02
2.392278631037765904e-02
2.416777993687372825e-02
2.439518241520807068e-02
2.458811599389235450e-02
2.476184011451608435e-02
2.491571766103598679e-02
2.507345070913754789e-02
2.526620264291143392e-02
2.553511416536136114e-02
2.587701766301270592e-02
2.626958799704166153e-02
2.663418858325535682e-02
2.695380747484306741e-02
2.724609309644834831e-02
2.753242739698685826e-02
2.779502293716976102e-02
2.802315253236222978e-02
2.826730963073685252e-02
2.850606041302745919e-02
2.875450104753620589e-02
2.905139430961421743e-02
2.938580143718395182e-02
2.970735116153917776e-02
2.995541706242992389e-02
3.010194375284932014e-02
3.019107454386928818e-02
3.026542823041487515e-02
3.038293763785492041e-02
3.053219344001780952e-02
3.067337000123475377e-02
3.079846701647735371e-02
3.091042685555722355e-02
3.100593079102454894e-02
3.108532671184401075e-02
3.118378015534684425e-02
3.134974003780693907e-02
3.157810506751586310e-02
3.185821749145231058e-02
3.220072324145181047e-02
3.262979318037834836e-02
3.307502551209454134e-02
3.347685429753038261e-02
3.381968733968773039e-02
3.407652160246817108e-02
3.420874829368270725e-02
3.427674974540888264e-02
3.443325886447629047e-02
3.464153488052335028e-02
3.484905190756101834e-02
3.500581561720079310e-02
3.510794825895019455e-02
3.518900413770535002e-02
3.526624777686861861e-02
3.534251526816015176e-02
3.540870972493189578e-02
3.550954002532156345e-02
3.569507183304713310e-02
3.596762953181418393e-02
3.629304477954001240e-02
3.665320673306983468e-02
3.701514828883076952e-02
3.735476318656832939e-02
3.766693350876510610e-02
3.794395854896123049e-02
3.814817870281927287e-02
3.826838232270324269e-02
3.836525311868123345e-02
3.850072939651374287e-02
3.866715981981611733e-02
3.885612509528989233e-02
3.903889167980888197e-02
3.917119651032659883e-02
3.927057215788915673e-02
3.939266800985907063e-02
3.956648385564955073e-02
3.979041728084307256e-02
4.003425708352172097e-02
4.026718873242286084e-02
4.054120518604911044e-02
4.091474340277307525e-02
4.131224871030873824e-02
4.167592705748265902e-02
4.197730570173339310e-02
4.215418845854106145e-02
4.221304413715688819e-02
4.222407718153101119e-02
4.221833947425346345e-02
4.220161288736831023e-02
4.218324397065968678e-02
4.220999353183247510e-02
4.229697565344736621e-02
4.240177184294494778e-02
4.250059326541721916e-02
4.263600444547963053e-02
4.283759513289395193e-02
4.306027403753232702e-02
4.327008743947449027e-02
4.351096801396610314e-02
4.381176652438026342e-02
4.414596010678040888e-02
4.450180487409786945e-02
4.488985108284265085e-02
4.526145800360895782e-02
4.560760565034181757e-02
4.589772411370982713e-02
4.608399823472535128e-02
4.620301297343691604e-02
4.633495012620516412e-02
4.651059777708897031e-02
4.672503802782206062e-02
4.691435187447362543e-02
4.695865990319859906e-02
4.684473284119854142e-02
4.665626234189416272e-02
4.644698504340850215e-02
4.622850293390486781e-02
4.606558446653143818e-02
4.602619229803731754e-02
4.609624890056971541e-02
4.628158846217501898e-02
4.661973874650081340e-02
4.709188962451676952e-02
4.760696555328700758e-02
4.812140481229121303e-02
4.865344947708272194e-02
4.918517585267983411e-02
4.969366323522101531e-02
5.017311142096140403e-02
5.058696829091352543e-02
5.088823374633599794e-02
5.102349492514693385e-02
5.098863376212048326e-02
5.083359650601926294e-02
5.059508362391135217e-02
5.028299981340444286e-02
4.991037937704451838e-02
4.953113633227452378e-02
4.921648966320066321e-02
4.901901118766265747e-02
4.899472317717142728e-02
4.910611075225754241e-02
4.926696118073416869e-02
4.946486007240342292e-02
4.977505311905723595e-02
5.028885788409606650e-02
5.102021359974067555e-02
5.193973389622150855e-02
5.296616529176004923e-02
5.397978489364027577e-02
5.481489201032709729e-02
5.537224697774637688e-02
5.575672560753375945e-02
5.606098488590793155e-02
5.628002333387337186e-02
5.631347123704150137e-02
5.601726807839926131e-02
5.537267448014377563e-02
5.447679203908949858e-02
5.341874742731981401e-02
5.230771170564389033e-02
