2.474548114016108386e-02
2.313326073255554324e-02
1.823878238154777801e-02
1.346575899523199879e-02
9.367999800558858906e-03
6.341333866040623109e-03
4.443870472983048499e-03
3.143906415527240785e-03
2.367625598376657623e-03
2.176351796351418816e-03
2.300141099151864141e-03
2.053515417504932650e-03
1.887333208207429966e-03
1.878444488649397368e-03
2.033669884584863793e-03
1.703876501486487538e-03
1.556497927333870502e-03
1.604080816420561930e-03
1.584186322050382904e-03
1.548973341998024231e-03
1.512615020639667199e-03
1.528242007729656727e-03
1.266672768570719807e-03
1.326572699903698404e-03
1.382603135975307230e-03
1.454620595415715431e-03
1.271304703131675073e-03
1.417236585821866814e-03
1.336324759779747209e-03
1.404499179551126813e-03
1.288565969331274949e-03
1.296499252004563920e-03
1.308203947880324115e-03
1.410728713642458694e-03
1.408487517541493969e-03
1.263438585781292587e-03
1.317844312722724325e-03
1.364413811031575966e-03
1.351345383832573254e-03
1.424012431244317924e-03
1.353651937013757153e-03
1.337686778606878230e-03
1.344114984550406466e-03
1.285845771991348538e-03
1.351472935161289598e-03
1.483929076871224381e-03
1.325730789381274980e-03
1.416491370363483996e-03
1.323085338981492285e-03
1.462259217277411382e-03
1.487322292152918517e-03
1.250248763268465820e-03
1.374242569744858842e-03
1.437084972743441283e-03
1.456385761584139214e-03
1.342097415836571335e-03
1.303639643743527768e-03
1.346053317818340705e-03
1.381573727642432942e-03
1.363492074314142733e-03
1.398150234400739184e-03
1.369881645130785692e-03
1.280118240779196939e-03
1.385529020402347490e-03
1.446398497754560440e-03
1.370359353021633657e-03
1.555359023055575543e-03
