-1.665334536937734811e-16
-2.775557561562891351e-17
1.665334536937734811e-16
0.000000000000000000e+00
-2.775557561562891351e-17
-2.775557561562891351e-17
0.000000000000000000e+00
2.775557561562891351e-17
0.000000000000000000e+00
0.000000000000000000e+00
-1.110223024625156540e-16
2.775557561562891351e-17
-2.498001805406602216e-16
-2.775557561562891351e-17
0.000000000000000000e+00
1.110223024625156540e-16
1.942890293094023946e-16
1.110223024625156540e-16
-2.775557561562891351e-17
-2.775557561562891351e-17
0.000000000000000000e+00
3.330669073875469621e-16
-5.551115123125782702e-17
2.775557561562891351e-17
2.220446049250313081e-16
0.000000000000000000e+00
-2.775557561562891351e-17
5.551115123125782702e-17
-8.326672684688674053e-17
0.000000000000000000e+00
-2.775557561562891351e-17
-1.110223024625156540e-16
3.608224830031758756e-16
-2.775557561562891351e-17
-1.387778780781445676e-16
1.665334536937734811e-16
2.220446049250313081e-16
2.498001805406602216e-16
-1.942890293094023946e-16
5.551115123125782702e-16
2.220446049250313081e-16
5.551115123125782702e-16
2.775557561562891351e-16
4.440892098500626162e-16
7.494005416219806648e-16
6.106226635438360972e-16
7.216449660063517513e-16
9.992007221626408864e-16
2.248201624865941994e-15
2.220446049250313081e-15
3.524958103184872016e-15
3.330669073875469621e-15
6.994405055138486205e-15
1.368349877850505436e-14
1.845745778439322748e-14
2.597921877622866305e-14
4.726774527341603971e-14
8.773537452100299561e-14
1.501021529293211643e-13
2.210176486272530383e-13
3.179401186770292043e-13
6.435130206483563597e-13
9.559575353534910391e-13
1.730893206541850304e-12
4.206829329334027534e-12
8.200745638120565673e-12
1.567534990698504771e-11
2.569036650079681294e-11
3.648764623775946347e-11
4.708516909701643272e-11
6.382552819594877747e-11
9.144057733223576179e-11
1.468890564737534987e-10
2.623379569133277300e-10
6.141952502147773885e-10
1.007711802891719799e-09
2.127215958935835260e-09
4.098500622218281819e-09
6.881147235349160951e-09
1.243458114252860014e-08
2.752252506454944125e-08
3.639240006569899322e-08
8.074362337073814899e-08
1.329541438888082183e-07
2.276078879537291044e-07
3.281646681618788364e-07
3.977347807493369913e-07
5.875658300458219685e-07
9.858066961077049939e-07
1.361912127073594547e-06
1.706708808224544072e-06
2.226462014726093841e-06
3.372327427531018884e-06
5.032020693657157651e-06
7.733933767961609362e-06
1.133567244687716524e-05
1.556128699087278022e-05
2.031627634652144465e-05
2.489264365140853030e-05
3.451612159321992834e-05
