4.098401349983404884e-04
8.302915061013660392e-04
1.878623241054699911e-03
3.370581985166931638e-03
4.848607029793505774e-03
5.865315018586780837e-03
6.192345378462693617e-03
6.192227155707774600e-03
6.535472988612900380e-03
8.323849053798015873e-03
1.305618674637809562e-02
2.203842020477830843e-02
3.535725824536362083e-02
5.168457217794830694e-02
6.849236126846103279e-02
8.281534137161472575e-02
9.137758766927217557e-02
9.467079582100967894e-02
9.249187227749400275e-02
8.785466285621268412e-02
8.290109325577055266e-02
7.991527220799277131e-02
8.046098137889046154e-02
8.775858005594827649e-02
9.903477113510794627e-02
1.117354696608126030e-01
1.328404436105503628e-01
1.641052428307208100e-01
2.045527101113563395e-01
2.403937215148089779e-01
2.888981175205345142e-01
3.206505988972091492e-01
3.500695377745081105e-01
3.519735280986473480e-01
3.560727496706954653e-01
3.499751322822916011e-01
3.434774432571646718e-01
3.475366997394665480e-01
3.460462512524090650e-01
3.635186837324499987e-01
4.033869904071084589e-01
4.342330536699084975e-01
4.871702003246535240e-01
5.294645411220815223e-01
5.163446485301101951e-01
5.327975491496003135e-01
5.250184815413909689e-01
5.139502496196886039e-01
4.787257857802279526e-01
4.702235805684961134e-01
4.421564324128340884e-01
4.601229839360577722e-01
4.474614336034941076e-01
4.933199751148851231e-01
4.794035838620327450e-01
4.992081019720625568e-01
4.733861105007136638e-01
4.566303837276195488e-01
5.151071232942889822e-01
5.108621595743331190e-01
5.290386311588595181e-01
5.503462788762969460e-01
5.547160874853458434e-01
6.368329298650687864e-01
7.429610269937552136e-01
7.833033933447008934e-01
8.630062362491084382e-01
8.849957143995899056e-01
9.449399751495679567e-01
9.423415079576890063e-01
9.346684056163055976e-01
9.348345174463789098e-01
9.296051885023376427e-01
9.861173515749789287e-01
9.692098723939654992e-01
9.258456408188975306e-01
8.521884536289279222e-01
8.026557652995482961e-01
8.749822178434707443e-01
8.860152863210597474e-01
9.029608469739229815e-01
9.371572906215197563e-01
9.457866025586476599e-01
9.920803428225062337e-01
9.943122435508264800e-01
9.526273081179823521e-01
9.789104866563856922e-01
9.830690856125368082e-01
9.893791327608042474e-01
9.845470739174275732e-01
9.235709709406111356e-01
9.383721226387524705e-01
9.551714332912196737e-01
9.760979870914504586e-01
9.588897306099974926e-01
9.180917106342690870e-01
9.136308351497572922e-01
9.335674338466557476e-01
9.553541694578062682e-01
9.619561118091550789e-01
