4.098401605220347577e-04
4.247061026867449129e-04
4.451337638110564043e-04
4.714235911668085421e-04
5.038214062625945289e-04
5.424222484369245478e-04
5.874088376777164555e-04
6.384796171454709679e-04
6.959705056186482608e-04
7.595718843199650294e-04
8.302915253983744748e-04
9.075380284642164952e-04
9.905682298948503828e-04
1.084295175071137152e-03
1.176843684898232212e-03
1.280309710073312957e-03
1.389157953561981351e-03
1.502773566152026952e-03
1.623171269783618698e-03
1.746628121864213234e-03
1.878623243854682379e-03
2.013433599378555705e-03
2.155741995445881187e-03
2.298920071058696557e-03
2.452713129353023547e-03
2.595918454245227380e-03
2.746033444746442953e-03
2.901303597341642337e-03
3.056061719435620994e-03
3.212396817509954872e-03
3.370581963918706236e-03
3.527022451139116832e-03
3.682126229870630318e-03
3.837651426982557901e-03
3.993639733220977206e-03
4.145607304947951377e-03
4.293368416524834252e-03
4.440025998054042411e-03
4.585785591348479073e-03
4.719272089262593894e-03
4.848607058955844984e-03
4.972562188446105758e-03
5.093547045980306720e-03
5.214746102119027782e-03
5.329407910723671371e-03
5.440193633046708221e-03
5.535000886500163197e-03
5.615624597356094760e-03
5.701711564992772985e-03
5.771688705436761602e-03
5.865315012005489770e-03
5.911829627431641754e-03
5.973482952771225207e-03
6.035555730811381636e-03
6.075828402355987201e-03
6.091210554690751344e-03
6.118666440767306369e-03
6.142808377425090782e-03
6.166109676697617559e-03
6.164139711726468462e-03
6.192345808024857234e-03
6.218654381705768230e-03
6.213193336270572686e-03
6.188888295219574509e-03
6.182821071136546109e-03
6.178792955771839068e-03
6.175486228042204040e-03
6.189326167560071923e-03
6.190736827619724991e-03
6.199141536167518396e-03
6.192227122502669268e-03
6.190837133355220345e-03
6.211461390607242450e-03
6.222515940586204053e-03
6.256667733898435557e-03
6.265184702546222617e-03
6.295306572078884777e-03
6.347255693730069481e-03
6.399662749696721775e-03
6.458706684479897930e-03
6.535472994622315568e-03
6.645566881475328813e-03
6.769238454260140259e-03
6.893001514468810598e-03
6.997633639996836408e-03
7.164478253491646242e-03
7.349393138446513873e-03
7.561423022200419730e-03
7.841791198596292922e-03
8.079679087400704063e-03
8.323849087067847208e-03
8.719183737155855596e-03
9.117106217911730148e-03
9.480363541063629995e-03
9.891534121128531254e-03
1.037300037490351823e-02
1.084832384595124655e-02
1.130933773378073326e-02
1.181339164588246504e-02
1.238769999104416542e-02
