-2.136469223613006463e+01
-2.134152149111042007e+01
-2.136220090246623826e+01
-2.140618711009295794e+01
-2.142138928745207949e+01
-2.143068095037793697e+01
-2.142994337706685570e+01
-2.143521681074204110e+01
-2.143190412703680892e+01
-2.143159625823120962e+01
-2.143231545288221440e+01
-2.142907821016759229e+01
-2.143456012950465350e+01
-2.143278689867387499e+01
-2.143105749051594344e+01
-2.143331453699488875e+01
-2.143489638944651432e+01
-2.143160124862700755e+01
-2.143314925788677527e+01
-2.143249975089458914e+01
-2.143308146557112082e+01
-2.143439035586449748e+01
-2.143387575487853169e+01
-2.143279521102731167e+01
-2.143361372322685199e+01
-2.143283396209792713e+01
-2.143175435553119712e+01
-2.143358017390713499e+01
-2.143405358445019360e+01
-2.143451882401069142e+01
-2.143435056484132062e+01
-2.143317811261766082e+01
-2.143604683674110944e+01
-2.143179270919224777e+01
-2.143393051227575441e+01
-2.143339335845704596e+01
-2.143406833437871128e+01
-2.143558779234285083e+01
-2.143549500265405072e+01
-2.143537163365657960e+01
-2.143231702343900480e+01
-2.143371963310865169e+01
-2.143409448993027056e+01
-2.143383735069577511e+01
-2.143359460459521770e+01
-2.143340518183149257e+01
-2.143326375824194585e+01
-2.143582900556191362e+01
-2.143342038146234785e+01
-2.143493640806957146e+01
-2.143558008687904248e+01
-2.143395795968045903e+01
-2.143477313365407966e+01
-2.143510019220532214e+01
-2.143405980561541568e+01
-2.143520118996532275e+01
-2.143634878444987635e+01
-2.143355438623514075e+01
-2.143367769036458270e+01
-2.143468877969107922e+01
-2.143435147442221833e+01
-2.143265278158020237e+01
-2.143409591134393111e+01
-2.143619229034110063e+01
-2.143561109151132271e+01
-2.143344988923106698e+01
-2.143427845133483345e+01
