2.658761433091261223e-05
1.136962656700769008e-05
5.494307521676988423e-05
1.047047428921448739e-04
1.612845738437303016e-04
2.257601956055260055e-04
2.999996546409859632e-04
3.868075228584932348e-04
4.897535529670824948e-04
6.127061672203174252e-04
7.592550649398455143e-04
9.322593340420108014e-04
1.133671823057525721e-03
1.364629302061734798e-03
1.625638318409604668e-03
1.916684293709950988e-03
2.237050984246164581e-03
2.584772612601709315e-03
2.955787561922419270e-03
3.343003272246887134e-03
3.735562572010361817e-03
4.118632490041877411e-03
4.473792708822094642e-03
4.780004859525848956e-03
5.015091118819283572e-03
5.157687957880533781e-03
5.189689222579897156e-03
5.099142414802463295e-03
4.883273145445913600e-03
4.551079725923574265e-03
4.124405620485225958e-03
3.638901432999011153e-03
3.142264946348774599e-03
2.691826084667028191e-03
2.349952143770385124e-03
2.177811942566045163e-03
2.228068690693937523e-03
2.537578126162276342e-03
3.121691663337831067e-03
3.972361846067016568e-03
5.052356079998794949e-03
6.298608901352656386e-03
7.624132384238254539e-03
8.924419718571696344e-03
1.008719355253498949e-02
1.100371271522879689e-02
1.158025219710406145e-02
1.174873461049259077e-02
1.147558904296218547e-02
1.076856698527071769e-02
9.680345922155482105e-03
8.306592203896134147e-03
6.778377263908367742e-03
5.249104862512381925e-03
3.880251968859444855e-03
2.823835675793624853e-03
2.206841467404279961e-03
2.116231176901624527e-03
2.588282757457302952e-03
3.605299815248273580e-03
5.097206054760970891e-03
6.948895444981680915e-03
9.011015902864195556e-03
1.111363720302064456e-02
1.308310675571255563e-02
1.475915249737431642e-02
1.601024687762274412e-02
1.674478492187985584e-02
1.691652955089313279e-02
1.652400474732911712e-02
1.560886536602056583e-02
1.425418133455935536e-02
1.258009689169885606e-02
1.073484032628236641e-02
8.881627381949268665e-03
7.184203095203950742e-03
5.794084313287203164e-03
4.840485994379517369e-03
4.422033741416761012e-03
4.599581925855224240e-03
5.384878398167980418e-03
6.734359557175440859e-03
8.551439225391442578e-03
1.069510165340078339e-02
1.299362185864401907e-02
1.525774313494716872e-02
1.729745048279746414e-02
1.893772624409935032e-02
2.003440436929894777e-02
2.049441746055441840e-02
2.028961290797191494e-02
1.945783784543230963e-02
1.809849071837268258e-02
1.636260042139234608e-02
1.443606469679473495e-02
1.252130029924260375e-02
1.081546154292907687e-02
9.489555320534928673e-03
8.670275055324467087e-03
8.427083162555790152e-03
8.768410918445832328e-03
9.646309453549219495e-03
1.096507070162080176e-02
1.259495446958540030e-02
1.438646184474348146e-02
1.618371332148316535e-02
1.783952202207115048e-02
1.922844914207134590e-02
2.025618275869784171e-02
2.086659244826106346e-02
2.104497543800621859e-02
2.081291421363023336e-02
2.022676792737053419e-02
1.937219009422332106e-02
1.835510551661935497e-02
1.729268925232907081e-02
1.630115130465139076e-02
1.548163431479052804e-02
1.491167311968534179e-02
1.463823535848225374e-02
1.467786754039331586e-02
1.501827690207918099e-02
1.561960378674759516e-02
1.641856184788971149e-02
1.733600602589037074e-02
1.828429366678775009e-02
1.917966885320353254e-02
1.995011823334509604e-02
2.054311332038695134e-02
2.093017033833337662e-02
2.110869882565144517e-02
2.109754971015372071e-02
2.093202206967657852e-02
2.066293903968957971e-02
2.035241460644049774e-02
2.006339083356754177e-02
1.985014690459702483e-02
1.975071300205820043e-02
1.978199103553891780e-02
1.994064781376839873e-02
2.020849381206222053e-02
2.055858117923970579e-02
2.095844144956218041e-02
2.137146627985498509e-02
2.175901467103419015e-02
2.208918528917770338e-02
2.234214942981214633e-02
2.251212477757381925e-02
2.260272516954680774e-02
2.262164714269938176e-02
2.257968436205590873e-02
2.249227605132265995e-02
2.238236006678491485e-02
2.227860717847994498e-02
2.220957173315005889e-02
2.220044134270738809e-02
2.226740198944463650e-02
2.241567461456176955e-02
2.264343792401079733e-02
2.294245119334085287e-02
2.329915145560765635e-02
2.369613563196635783e-02
2.411508424370096410e-02
2.453633334603720975e-02
2.494026972326941760e-02
2.531613557362802705e-02
2.565886653209269175e-02
2.596746306498208187e-02
2.623942221789696619e-02
2.646726467695244972e-02
2.664272035908470115e-02
2.675555178883029170e-02
2.679602834980903542e-02
2.675474723364190677e-02
2.662342597626992519e-02
2.639748800177546192e-02
2.607779869377377380e-02
2.568040153065145187e-02
2.523859037085463344e-02
2.480161888468118345e-02
2.442731465430477908e-02
2.418005120821503304e-02
2.412200019866987677e-02
2.430595456521942796e-02
2.476987159580167422e-02
2.552524952319865786e-02
2.654899578401155591e-02
2.778434794821699194e-02
2.914494493786511445e-02
3.052030741977620337e-02
3.178847873120656947e-02
3.282625980975675123e-02
3.352463662379518566e-02
3.380211642458283428e-02
3.361727716677739841e-02
3.297562001748813310e-02
3.192901231184677030e-02
3.057229133746162258e-02
2.903469733342304085e-02
2.746242989878146246e-02
2.601642814674783727e-02
2.485011348705826878e-02
2.409278369785451332e-02
2.383604518955463603e-02
2.412661516787485694e-02
2.496277554642454058e-02
2.629647334031449610e-02
2.803786971890669805e-02
3.005838446900378769e-02
3.220373718577730637e-02
3.430696633653239347e-02
3.620209549502167307e-02
3.773880103613263398e-02
3.879626794949567886e-02
3.929247960724851357e-02
3.918897816046223309e-02
3.849585450759455962e-02
3.727261733775755898e-02
3.562368466120554439e-02
3.368607355248558199e-02
3.162341931697928987e-02
2.961432389662310011e-02
2.783587447929371933e-02
2.645252281091118110e-02
2.560066419883420819e-02
2.537643046328261903e-02
2.582899207380047468e-02
2.695352154842641998e-02
2.868474096772513290e-02
3.090242949078815526e-02
3.343612278471590898e-02
3.607861104535279445e-02
3.860960718779027356e-02
4.081567316240816701e-02
4.250867026839597052e-02
4.354726895542809090e-02
4.384971633907311372e-02
4.339857944473597684e-02
4.224840155710913453e-02
4.052411971247434075e-02
3.840707881209684538e-02
3.610172340744866037e-02
3.383502036241822081e-02
3.181712048119005043e-02
3.022781045339048567e-02
2.920430049158171185e-02
2.882810052606064530e-02
2.912357688660543661e-02
3.005928407645111836e-02
3.154890797160143229e-02
3.345355421545779390e-02
3.562303804905182780e-02
3.788029301769223894e-02
4.005127056115449780e-02
4.197787939784953376e-02
4.352488080818080890e-02
4.458745757579676838e-02
4.510226123439767948e-02
4.505962972648161480e-02
4.449214757095103223e-02
4.347751396925836342e-02
4.212788980304639497e-02
4.057774456780519762e-02
3.897439442092869716e-02
3.746669366556745068e-02
3.619286510929461270e-02
3.526793845447760006e-02
3.477203678140607795e-02
3.474540210040039101e-02
3.518415649899331310e-02
3.603912168614996359e-02
3.722193222127899437e-02
3.862429822077277641e-02
4.011617762658466202e-02
4.156717874704789900e-02
4.286198330369130755e-02
4.390802352250060964e-02
4.464052922564772097e-02
4.502668472967507468e-02
4.507168994650306848e-02
4.482182981619108747e-02
4.434997705936932072e-02
4.374281555716789255e-02
4.309406027325191763e-02
4.249171196741410167e-02
4.200919204893854841e-02
4.170029693724591757e-02
4.158903851616097685e-02
4.167315767108897839e-02
4.192549483096506130e-02
4.230500629266183837e-02
4.275850079134148329e-02
4.323187544912036884e-02
4.367685455522195281e-02
4.404632730417273184e-02
4.430918520994552717e-02
4.445169568123354814e-02
4.448371012960625898e-02
4.443837808187602739e-02
4.435177424444919358e-02
