-1.281910528600899823e+01
-1.275031776056295918e+01
-1.276067282044653695e+01
-1.278759783738757783e+01
-1.279305958249771358e+01
-1.279352750871791500e+01
-1.278409183080892220e+01
-1.278652681285081449e+01
-1.276949582904746450e+01
-1.277467671738448907e+01
-1.277391694282326462e+01
-1.278086683648452748e+01
-1.279447808888275695e+01
-1.278908777644474704e+01
-1.278059932307259849e+01
-1.278515926292809013e+01
-1.278043395905556068e+01
-1.277186958637999048e+01
-1.276824973553212850e+01
-1.278902429368628724e+01
-1.278600650940118655e+01
-1.278331647892477463e+01
-1.278761382558819193e+01
-1.279751592372365465e+01
-1.275138428296068582e+01
-1.278006556202922006e+01
-1.278816133081715734e+01
-1.276321668556554378e+01
-1.280099873298958180e+01
-1.278950694068364058e+01
-1.280277238010590146e+01
-1.276386756666741640e+01
-1.275975440324178223e+01
-1.278636355753683773e+01
-1.277196987324878386e+01
-1.279582428254836479e+01
-1.278078367083549693e+01
-1.280707621082449954e+01
-1.277554437252728192e+01
-1.275981738360328599e+01
-1.277068376417247109e+01
-1.278331873225799065e+01
-1.279448165397951698e+01
-1.277361199041558848e+01
-1.279784043985656794e+01
-1.278646095885715894e+01
-1.277383628156451323e+01
-1.275595308391041627e+01
-1.279637365999261966e+01
-1.277369528961078693e+01
-1.278201222037321294e+01
-1.279901257448917917e+01
-1.277494361134415080e+01
-1.279142935976677720e+01
-1.277679431994225112e+01
-1.276920543667918828e+01
-1.278420728121498584e+01
-1.276341969490143313e+01
-1.280562047459794961e+01
-1.278318243375855268e+01
-1.277175003504352979e+01
-1.281005495709612418e+01
-1.276734420304223505e+01
-1.276828111664936571e+01
-1.275520066451191958e+01
-1.280757871036483309e+01
-1.278949334303417551e+01
-1.278248001966449543e+01
-1.280453325293033906e+01
-1.277092919790349868e+01
-1.277197928492024737e+01
-1.276050547576568128e+01
-1.278163290693464660e+01
-1.280183539334353071e+01
-1.280112867374364249e+01
-1.277271739937794415e+01
-1.278768937056012511e+01
-1.277680311335307373e+01
-1.275347937537953769e+01
-1.279445475041006119e+01
-1.277877310201411731e+01
-1.280163330626982443e+01
-1.277076640595755030e+01
-1.280188640070331019e+01
-1.278114735488193077e+01
-1.274081148683822562e+01
-1.280788510053083762e+01
-1.277221913151843680e+01
-1.276393100665587355e+01
-1.280014143997668619e+01
-1.280018691163230926e+01
-1.276667272389717844e+01
-1.276505024647486763e+01
-1.279662726823263519e+01
-1.276425945934624906e+01
-1.276214115630931190e+01
-1.280384869539185466e+01
-1.276719420839904373e+01
-1.280528148753580808e+01
-1.278210856859632827e+01
