-2.121437674377568428e+01
-2.124366067502453959e+01
-2.128877074822525373e+01
-2.124544126135142363e+01
-2.125846213751348657e+01
-2.127990142095354642e+01
-2.127982541086304735e+01
-2.126007104081556065e+01
-2.124746556661098396e+01
-2.124759470841099684e+01
-2.126899094660850409e+01
-2.126465196597183294e+01
-2.126303062557560963e+01
-2.126690255339690339e+01
-2.127144348942233876e+01
-2.126198658599889413e+01
-2.125996320738305201e+01
-2.126426799283910540e+01
-2.126403360313325663e+01
-2.126305222375993509e+01
-2.127110242378132199e+01
-2.127148674411243334e+01
-2.126476017558631426e+01
-2.126898264528857752e+01
-2.127157598745868938e+01
-2.126148702794275991e+01
-2.126518845081210429e+01
-2.126912466599859286e+01
-2.126767903200207144e+01
-2.126795775047019532e+01
-2.127660060873406778e+01
-2.125082248403921525e+01
-2.126264523030918596e+01
-2.129972375511778893e+01
-2.124521980833272039e+01
-2.125557656727311340e+01
-2.130090327636383662e+01
-2.123447970000409413e+01
-2.127533042322902190e+01
-2.127854123056355817e+01
-2.124990058814691096e+01
-2.129684823665785842e+01
-2.124867473493050340e+01
-2.126877863241186972e+01
-2.125337963625223381e+01
-2.125379449244297447e+01
-2.127720887030193708e+01
-2.123767738724567522e+01
-2.129044683158448237e+01
-2.127006747674558440e+01
-2.126026394705712974e+01
-2.124278918936659011e+01
-2.126333700873217936e+01
-2.125964158984784547e+01
-2.125049417227522142e+01
-2.128411137628578587e+01
-2.126945373691505381e+01
-2.127739660409294942e+01
-2.123455831220671186e+01
-2.125875568428226359e+01
-2.125753686906842788e+01
-2.126225024752255166e+01
-2.125211627780265289e+01
-2.128818373129775665e+01
-2.128065406934644344e+01
-2.122762717633510121e+01
-2.124642745905342167e+01
-2.127072285136919305e+01
-2.126239538170582577e+01
-2.124293305189294045e+01
-2.127347364890320947e+01
-2.126633239373983031e+01
-2.126342936477863788e+01
-2.122324205171183920e+01
-2.126278149595992417e+01
-2.127126889498617857e+01
-2.124393610285743961e+01
-2.125941874628195194e+01
-2.124813586796865295e+01
-2.125956280730942893e+01
-2.127579918971478534e+01
-2.121815364893701172e+01
-2.126930315961183382e+01
-2.125278880898025236e+01
-2.123888636027416155e+01
-2.127819846548864291e+01
-2.120805935322269420e+01
-2.127233072692970595e+01
-2.126611509572095571e+01
-2.122279788034497727e+01
-2.123841657782412540e+01
-2.126071494131664963e+01
-2.126397435077953446e+01
-2.121942798790323437e+01
-2.125718446665223382e+01
-2.124363837434205493e+01
-2.123651972792103848e+01
-2.125079052717533301e+01
-2.122507213413539162e+01
-2.127982172598438027e+01
