3.572092205164079104e-04
1.189217742473935857e-03
3.766331981503001636e-03
7.820825413447196617e-03
1.294488835787033221e-02
1.864033837940448635e-02
2.437143564398713824e-02
2.961793034402493419e-02
3.392611452603022659e-02
3.695154197005490193e-02
3.848996627360812273e-02
3.848806014510852691e-02
3.702354662880802394e-02
3.428702913457382095e-02
3.054510533089749291e-02
2.611601871520141671e-02
2.134456800119932662e-02
1.658858375022564946e-02
1.220683698421254348e-02
8.545231924159679693e-03
5.915739667356145759e-03
4.563787101098615295e-03
4.626397681163130216e-03
6.090893126375340749e-03
8.771821974625226837e-03
1.232128797957077193e-02
1.628322480038157938e-02
2.018557401225273829e-02
2.364440111886589868e-02
2.644407106292123721e-02
2.856090768316943418e-02
3.012476500004024338e-02
3.127247683679235113e-02
3.208110833709809651e-02
3.246250644218606762e-02
3.217715617971861342e-02
3.093443929862493835e-02
2.854430181353961871e-02
2.505128898600517129e-02
2.079737077049037541e-02
1.636274241278501407e-02
1.240795525811511091e-02
9.495711141904283892e-03
7.939527071196494923e-03
7.757076019372144415e-03
8.723480294409391433e-03
1.048967974928649571e-02
1.270847041411338196e-02
1.512159812658475655e-02
1.758733504213427778e-02
2.005627075531313253e-02
2.252415656109485464e-02
2.497905462183092062e-02
2.736480628313953112e-02
2.956385570208885927e-02
3.140030312719921390e-02
3.265574551981753615e-02
3.309264221077112822e-02
3.249719053589805728e-02
3.072965516297343491e-02
2.778739745179825693e-02
2.385656935600533046e-02
1.932710828824790728e-02
1.475449206570200733e-02
1.076433176552038518e-02
7.913405464656020349e-03
6.546848694093942989e-03
6.704645304654310856e-03
8.127469480378235467e-03
1.037143779282190259e-02
1.298804320066349050e-02
1.569095632737849133e-02
1.842694927776611369e-02
2.131615253456464742e-02
2.449120015953121232e-02
2.793310811918725545e-02
3.137145408437236327e-02
3.431484506007898005e-02
3.619535354910385916e-02
3.655291896360313153e-02
3.518691992884870334e-02
3.221298039921083323e-02
2.800655890303771489e-02
2.307506567524786334e-02
1.794606731192305293e-02
1.308517803035402771e-02
8.879540454879042422e-03
5.659164406906946887e-03
3.710145455308677676e-03
3.251831030066432149e-03
4.389802239287310393e-03
7.067902599200981406e-03
1.104902844915234272e-02
1.594183699787943276e-02
2.125439593337630217e-02
2.645688341724516945e-02
3.105444704564896963e-02
3.463218532761547230e-02
3.689115018912481059e-02
3.766508225564280110e-02
3.691929157595397193e-02
3.474505166940955458e-02
3.134604132272000854e-02
2.701263076654758510e-02
2.211828131434467881e-02
1.710556099701610044e-02
1.244257844062324203e-02
8.563998192719468605e-03
5.807872554168813650e-03
4.399981303319866477e-03
4.444497959670279386e-03
5.903093897726807704e-03
8.600049734653447686e-03
1.225626198847462600e-02
1.653994943874914636e-02
2.111224560169466802e-02
2.563710379837713660e-02
2.978306081472803513e-02
3.320821664639306281e-02
3.556361046622813493e-02
3.653900400840159879e-02
3.595199187933473262e-02
3.383758605271913744e-02
3.047935755014696824e-02
2.636142667140028983e-02
2.205618073893211850e-02
1.808173011903424499e-02
1.478877228143138378e-02
1.231044449605933622e-02
1.059177861535254284e-02
9.488347368085681133e-03
8.886708940882059871e-03
8.788833556469199948e-03
9.319232415391454083e-03
1.066472829462850047e-02
1.295869169002350496e-02
1.617173865491627893e-02
2.006922017758216992e-02
2.422791245891975365e-02
2.812637846145538134e-02
3.126671515746903829e-02
3.329247113163313898e-02
3.405656469982665246e-02
3.361485761869231759e-02
3.218589094164980846e-02
3.006123553845618801e-02
2.750539550387320897e-02
2.473419896774764482e-02
2.188938719695798785e-02
1.905489781746305678e-02
1.629627706626968209e-02
1.369929938160685534e-02
1.138661127931361872e-02
9.520662578719196745e-03
8.298334141798591190e-03
7.919007208777917306e-03
8.546698444837463882e-03
1.027983505868612646e-02
1.310758635727860000e-02
1.687821645759035594e-02
2.127672954410908535e-02
2.584328290808668438e-02
3.002939262752335470e-02
3.329811226708101479e-02
3.524907353697648293e-02
3.572809963083933837e-02
3.483271243583618837e-02
3.287013869833399493e-02
3.024405649558536968e-02
2.730762613691684049e-02
2.425907738212851328e-02
2.112681623913525986e-02
1.785467759804681975e-02
1.442613246076751565e-02
1.099206931324248071e-02
7.910367432417686473e-03
5.671786725844119026e-03
4.747600021302922357e-03
5.412771043775688184e-03
7.655900596100440048e-03
1.120529650537582800e-02
1.562275088559528236e-02
2.041587244758902298e-02
2.515450357365589529e-02
2.951683876085420266e-02
3.324962386618546262e-02
3.612715201135763277e-02
3.793379332600987919e-02
3.846340026504335707e-02
3.754557297701155427e-02
3.511925354154521450e-02
3.129020629679690746e-02
2.636963976693884604e-02
2.084094568525629576e-02
1.527266436027818752e-02
1.023073031110710573e-02
6.195257928935271607e-03
3.515672762296917497e-03
2.406827066141592475e-03
2.945336500870698870e-03
5.062811327302574327e-03
8.558234469752679097e-03
1.311464141284912621e-02
1.831152512830402923e-02
2.365626629746420129e-02
2.866717402676732807e-02
3.290013127686797212e-02
3.599631909012934727e-02
3.774792330623033543e-02
3.810843705765254441e-02
3.716492140877147854e-02
3.507307072536480774e-02
3.199429993052416155e-02
2.807810487192796689e-02
2.351136631684713763e-02
1.856903102829410290e-02
1.365002722967079141e-02
9.294592921047617473e-03
6.102350396216760231e-03
4.574121890763671594e-03
4.937839275885980150e-03
7.043972749180893445e-03
1.040601949695507678e-02
1.434358460036677663e-02
1.821356584532374256e-02
2.160233200025385436e-02
2.438919089270297214e-02
2.667969568653871804e-02
2.866694045043172157e-02
3.047236760828442304e-02
3.205274898421095475e-02
3.319570999518095533e-02
3.360175849230262468e-02
3.296859355872661101e-02
3.112143386866361716e-02
2.811726827323957068e-02
2.425216432431109848e-02
2.000738208852026467e-02
1.595375177734559280e-02
1.261088056764503307e-02
1.032989128303885007e-02
9.272427147231976363e-03
9.396313943969225591e-03
1.050857321494913510e-02
1.231034208133563457e-02
1.448229861037408917e-02
1.677601560324404328e-02
1.909235953180754564e-02
2.145308193681072506e-02
2.389087098694764322e-02
2.638392792524069108e-02
2.883431055248109054e-02
3.103616507311635075e-02
3.269515746213524920e-02
3.349356362137079213e-02
3.319018049391220249e-02
3.168208059765531548e-02
2.906436744191553956e-02
2.557427939639389525e-02
2.163035897040499478e-02
1.773550602155715694e-02
1.435486344926983904e-02
1.183003772540880405e-02
1.033949332126282705e-02
9.898633219746266754e-03
1.037707283704181194e-02
1.155091216704140500e-02
1.323858677437728115e-02
1.531452521792020516e-02
1.771762118062736313e-02
2.044267696773838239e-02
2.345632654451335064e-02
2.663866828283190102e-02
2.975770738815641803e-02
3.248606762427663774e-02
3.447109127517600236e-02
3.543387173726053607e-02
3.515714385263413178e-02
3.360699957499369006e-02
3.089667879523672056e-02
2.725851670373324875e-02
2.301663503050088710e-02
1.853737229566054801e-02
1.419819483700135443e-02
1.038417688971693398e-02
7.473190192615941640e-03
5.801589822742703184e-03
5.617389003461203956e-03
7.010432631061047637e-03
9.871568318736145820e-03
1.385888988579186965e-02
1.854290481998321916e-02
2.345213789707356611e-02
2.813352385335698980e-02
3.221193160262358912e-02
3.535372016509374937e-02
3.739181024082016691e-02
3.826027498577289077e-02
3.785548670865312992e-02
3.617386301255032244e-02
