-1.107252664214009386e+01
-1.102524152004198399e+01
-1.103100852260760334e+01
-1.105177812616251565e+01
-1.105245659990876206e+01
-1.105704234740612968e+01
-1.106700773637970414e+01
-1.107498358068080790e+01
-1.107341000880021831e+01
-1.107171678004573501e+01
-1.106967221544072366e+01
-1.106854507537714660e+01
-1.106817206063943182e+01
-1.107097149056784957e+01
-1.107159504038263620e+01
-1.107226146047757886e+01
-1.107336437399340667e+01
-1.107132390835185909e+01
-1.106950154953096188e+01
-1.107052169804232733e+01
-1.107112861647617308e+01
-1.107109343918246225e+01
-1.107300606960281009e+01
-1.107242347400474003e+01
-1.107083700753739741e+01
-1.107213472203849847e+01
-1.107070787118233746e+01
-1.107035364098669028e+01
-1.107106635070759282e+01
-1.107204782146366817e+01
-1.107195212723805611e+01
-1.107145816944828631e+01
-1.107303909854787172e+01
-1.107141576340518618e+01
-1.106950421973921195e+01
-1.107131158527028347e+01
-1.107243461556067388e+01
-1.107145078231200586e+01
-1.107179842641012790e+01
-1.107299226355603494e+01
-1.107124553224145380e+01
-1.107011121288077327e+01
-1.107088136433518066e+01
-1.107249494854484695e+01
-1.107201838617415035e+01
-1.107126484244455966e+01
-1.107240139793098699e+01
-1.107217187017458571e+01
-1.107036226956032188e+01
-1.107071647603028985e+01
-1.107202192438433563e+01
-1.107208327389216684e+01
-1.107202594470538770e+01
-1.107175776931016387e+01
-1.107173817272816763e+01
-1.107127894742906093e+01
-1.107089318710990611e+01
-1.107145162261844895e+01
-1.107209173218231868e+01
-1.107238003083057443e+01
-1.107121369239455255e+01
-1.107133143668784392e+01
-1.107208287343222430e+01
-1.107147973688367593e+01
-1.107080480535590539e+01
-1.107201124604542031e+01
-1.107233253999309674e+01
