-2.121437673742128283e+01
-2.124365826552988423e+01
-2.128877930006897401e+01
-2.124546053443210525e+01
-2.125838676170146968e+01
-2.128001748925470693e+01
-2.127962737519324676e+01
-2.126003327174697333e+01
-2.124787871772572956e+01
-2.124479349563583241e+01
-2.127098256061464454e+01
-2.126268978938828269e+01
-2.126039313514545270e+01
-2.126571089139728699e+01
-2.126884084157401489e+01
-2.126084438101859675e+01
-2.125620627106143345e+01
-2.125738988328317447e+01
-2.126292693110944754e+01
-2.126066346093945114e+01
-2.126012349154716574e+01
-2.126656574764228580e+01
-2.126128075058677425e+01
-2.126077997169023348e+01
-2.126463299462484358e+01
-2.125571326600750410e+01
-2.125539171401632998e+01
-2.125583559922836940e+01
-2.125977979716640220e+01
-2.125920269331019696e+01
-2.126763888522302892e+01
-2.124917078006310334e+01
-2.125194555935409824e+01
-2.127936132310877326e+01
-2.122145557059980803e+01
-2.124736707374982814e+01
-2.129529751360860246e+01
-2.122320749592787692e+01
-2.126935492599992372e+01
-2.126128542169241342e+01
-2.123514714165045802e+01
-2.126552272661530907e+01
-2.122042670375204665e+01
-2.126806906040147283e+01
-2.123574895684658514e+01
-2.125716880129831310e+01
-2.125568483606802417e+01
-2.121382127857927102e+01
-2.125215399995122922e+01
-2.122758415140671673e+01
-2.123524313592703194e+01
-2.123258780982196825e+01
-2.127414851054269462e+01
-2.122361924596686933e+01
-2.122060287038385695e+01
-2.123969038873472925e+01
-2.121891924869886736e+01
-2.122641416809369375e+01
-2.122442806924311398e+01
-2.125492427188335753e+01
-2.123612188010065793e+01
-2.121442798128991569e+01
-2.120415481750327658e+01
-2.123261421329734233e+01
-2.121311517031631766e+01
-2.120691547929049037e+01
-2.123065853316277440e+01
-2.124424059946244370e+01
-2.120067368566057908e+01
-2.120010138492340701e+01
-2.120612430263842185e+01
-2.121730263304311492e+01
-2.120142194056358065e+01
-2.119075529542051584e+01
-2.123842423636953214e+01
-2.119634397936260939e+01
-2.118447685510297518e+01
-2.120976899075959565e+01
-2.118599338185746106e+01
-2.120090506641830785e+01
-2.119567723376793822e+01
-2.116764739264339568e+01
-2.121540950772907763e+01
-2.117318351932239651e+01
-2.119614504189677007e+01
-2.119035844984571426e+01
-2.115685059644556176e+01
-2.119383439472689901e+01
-2.116879219416737712e+01
-2.115883447882082180e+01
-2.117796885743641511e+01
-2.119810267969182860e+01
-2.115609326993285322e+01
-2.115237944141851045e+01
-2.118379387415974691e+01
-2.114327160257769123e+01
-2.114801854522346858e+01
-2.116040204570188976e+01
-2.116923486008440136e+01
-2.115895937252122039e+01
