9.980005250528255489e-01
9.983243079111946416e-01
9.990110896375969940e-01
9.993939078873028681e-01
9.995209477875469650e-01
9.995841730823296079e-01
9.995778258359194757e-01
9.995934350273593116e-01
9.996299245683566426e-01
9.995810868874043242e-01
9.996143479996328907e-01
9.996045316755884924e-01
9.995901847274411001e-01
9.996085447069905650e-01
9.995774758377999891e-01
9.995666557262998797e-01
9.995877981338039397e-01
9.995848031618774776e-01
9.995569843264240362e-01
9.995662194954325619e-01
9.995572574685468448e-01
9.995521497957400303e-01
9.995554897789077353e-01
9.995552352642931293e-01
9.995681931165567580e-01
9.995708022329221620e-01
9.995525816335089075e-01
9.995513357534346888e-01
9.995584247836387659e-01
9.995282467289167139e-01
9.995241617501682274e-01
9.995361807465625859e-01
9.995027173586996661e-01
9.995503052102148178e-01
9.995099825012072614e-01
9.994999804886495198e-01
9.993796872269802289e-01
9.994542160124302299e-01
9.994270210730291648e-01
9.992570073591691138e-01
9.994917418325895975e-01
9.994474543471227879e-01
9.992521385797856759e-01
9.992144255844930267e-01
9.993325376279795780e-01
9.991115973149750085e-01
9.993611919913180097e-01
9.993725697057247448e-01
9.994591160716259637e-01
9.993102318239835968e-01
9.994560618844625655e-01
9.994701100959910711e-01
9.994641037583726906e-01
9.993807868121591387e-01
9.994603987054690997e-01
9.993442555497570323e-01
9.992683912531845625e-01
9.994365244446872243e-01
9.992658441711222972e-01
9.992166083891124151e-01
9.991701454723995734e-01
9.992330787117664759e-01
9.992873520815799271e-01
9.991598607871605697e-01
9.991468462993814414e-01
9.991714422271269491e-01
9.991988146050060360e-01
