-2.137282615691157162e+01
-2.136054479407659557e+01
-2.142799613724720231e+01
-2.148467391844809882e+01
-2.150047869442661863e+01
-2.150166887760140710e+01
-2.150562294064504343e+01
-2.151336225437679417e+01
-2.151148949063292903e+01
-2.151122412065192435e+01
-2.151307235964688402e+01
-2.151381346907900038e+01
-2.151207804733233075e+01
-2.151297980725518144e+01
-2.151359713903828563e+01
-2.151377799834141058e+01
-2.151292716934226945e+01
-2.151290664403071418e+01
-2.151469781953753824e+01
-2.151221870905969880e+01
-2.151289621144898589e+01
-2.151385771878577913e+01
-2.151235064931164587e+01
-2.151268258409591638e+01
-2.151290777241024443e+01
-2.151402051506815738e+01
-2.151279377558403993e+01
-2.151198137684324507e+01
-2.151364521593096768e+01
-2.151341378237879454e+01
-2.151200807593654218e+01
-2.151253575215475422e+01
-2.151353179914273639e+01
-2.151163272816756944e+01
-2.151218498310777605e+01
-2.151185951844100686e+01
-2.151228134426467165e+01
-2.151289670399309983e+01
-2.151164512301618004e+01
-2.151234459074302308e+01
-2.151213776250871135e+01
-2.151249881297869493e+01
-2.151228403432471126e+01
-2.151187422998244259e+01
-2.151228033275317486e+01
-2.151176330975648199e+01
-2.151276064549794143e+01
-2.151188877601548910e+01
-2.151141999215127143e+01
-2.151250213869458250e+01
-2.151289577311413836e+01
-2.151293486998137894e+01
-2.151302128683165549e+01
-2.151270219651823368e+01
-2.151225371478594539e+01
-2.151235997674149658e+01
-2.151300160331962985e+01
-2.151330320585689648e+01
-2.151296931335512852e+01
-2.151289029427193356e+01
-2.151273985990794912e+01
-2.151259275060386855e+01
-2.151319953580614097e+01
-2.151286575358835051e+01
-2.151260746765176890e+01
-2.151266842192379514e+01
-2.151227844381767795e+01
