-9.999999999835782472e-01
-9.999999997244468641e-01
-9.999999962628354222e-01
-9.999999851985827970e-01
-9.999999722169610195e-01
-9.999999164924158190e-01
-9.999998178798924497e-01
-9.999997338518358259e-01
-9.999996734757614636e-01
-9.999995558306682408e-01
-9.999994193926282637e-01
-9.999993003905984779e-01
-9.999990980354591663e-01
-9.999990123526949493e-01
-9.999989217732536684e-01
-9.999987990288388140e-01
-9.999986021906439593e-01
-9.999984010693009351e-01
-9.999983259437545957e-01
-9.999982167686778389e-01
-9.999980988922074765e-01
-9.999980443533611485e-01
-9.999978627183454538e-01
-9.999977847769252470e-01
-9.999976435327195823e-01
-9.999975325548577931e-01
-9.999974069210741945e-01
-9.999972873156610653e-01
-9.999971468979680367e-01
-9.999970439016756529e-01
-9.999969064279805586e-01
-9.999967398162470378e-01
-9.999966259923646072e-01
-9.999965182175027945e-01
-9.999963751043707827e-01
-9.999960545263344436e-01
-9.999958571771326854e-01
-9.999957151418881196e-01
-9.999955477183126717e-01
-9.999954298902675731e-01
-9.999952127604183616e-01
-9.999948921839096894e-01
-9.999946851068683973e-01
-9.999945530653560066e-01
-9.999943873060463950e-01
-9.999941908317746542e-01
-9.999939526665222456e-01
-9.999937749474242521e-01
-9.999936101361239782e-01
-9.999934342431419099e-01
-9.999932498431713945e-01
-9.999930905912834955e-01
-9.999929063159569420e-01
-9.999927142381553891e-01
-9.999925515578713675e-01
-9.999924211339897839e-01
-9.999923264253414157e-01
-9.999921332695780318e-01
-9.999919173901590241e-01
-9.999917480866593600e-01
-9.999915697161545491e-01
-9.999913560689537295e-01
-9.999911643389017835e-01
-9.999910009058776694e-01
-9.999908197657431108e-01
-9.999906247415877303e-01
-9.999903796595370764e-01
-9.999902042100152766e-01
-9.999899990462607358e-01
-9.999898378919453990e-01
-9.999896352995865101e-01
-9.999894196732677099e-01
-9.999892418323784726e-01
-9.999890296310761650e-01
-9.999888120833693161e-01
-9.999885093883441600e-01
-9.999881680439669518e-01
-9.999879863168239513e-01
-9.999877498217172311e-01
-9.999874857528445737e-01
-9.999872724386704714e-01
-9.999868620820782095e-01
-9.999865756980125253e-01
-9.999863416883434386e-01
-9.999860869865045965e-01
-9.999857667151175189e-01
-9.999854156046813491e-01
-9.999851532621355510e-01
-9.999848869627707693e-01
-9.999845813532394212e-01
-9.999842944728740690e-01
-9.999840432829676384e-01
-9.999836913631824364e-01
-9.999834334908391797e-01
-9.999831311335317663e-01
-9.999828793772556068e-01
-9.999825545844452934e-01
-9.999823223702427599e-01
-9.999820644390695623e-01
-9.999818074578701310e-01
