3.951636930972224349e-04
7.832654968414787255e-03
2.450784838753128358e-02
3.733981708397027255e-02
3.783151759420300131e-02
2.723784936436224324e-02
1.396693301347851079e-02
7.073639171158996319e-03
1.005521903538209028e-02
1.951602016359477165e-02
2.851248591977406655e-02
3.165057493832701407e-02
2.814861575726868015e-02
2.123555080218131330e-02
1.577795708788176654e-02
1.536281783749438024e-02
1.794004728501341628e-02
2.081969235126635009e-02
2.428619689381572577e-02
2.587957993608569485e-02
2.489702205797217349e-02
2.343298961559825422e-02
2.095078702033337237e-02
1.906058821043943308e-02
1.984370752716180242e-02
2.165795553456384415e-02
2.344208730091246196e-02
2.547183711725420352e-02
2.562675198813468835e-02
2.225729930866682249e-02
2.113608229503882718e-02
2.383659116772751663e-02
2.467512328523802090e-02
2.328308726463224065e-02
2.335603637535865751e-02
2.275519398254499670e-02
2.072538389722367036e-02
2.289247456026866079e-02
2.834146164908957211e-02
3.020791962726188107e-02
2.778087491798353348e-02
2.453615366728767455e-02
2.163264986604040985e-02
1.971876944121975228e-02
2.183953693170659349e-02
2.831192596667642114e-02
3.502933894711468543e-02
3.737409393942958680e-02
3.282345727790592083e-02
2.402249611777129701e-02
1.738450209974340410e-02
1.861863737105962091e-02
2.750902044792979950e-02
3.857297784207436298e-02
4.437379454726386729e-02
3.990146734602439960e-02
2.867752043882942914e-02
1.881931143595216849e-02
1.631307602752252173e-02
2.403737461810218079e-02
3.725168020503222266e-02
4.601105243569536540e-02
4.436453279687901929e-02
3.351126686022354306e-02
2.163776917482329587e-02
1.801576595924780921e-02
2.475436471272018935e-02
3.618417100844206757e-02
4.374580708673303509e-02
4.266640579874836359e-02
3.517269142608481225e-02
2.766343161335449441e-02
2.564500508141798196e-02
2.956011155196935913e-02
3.503278090154704483e-02
3.827315562689848072e-02
3.832666796540562526e-02
3.601839451068156173e-02
3.433015934042005224e-02
3.477663146445275633e-02
3.530605165865574602e-02
3.457187390007110395e-02
3.465785466247639501e-02
3.688452887115578616e-02
3.864958325800205152e-02
3.854356982374596008e-02
3.852572951187516193e-02
3.854318304614057222e-02
3.698581078141705003e-02
3.637678298487190265e-02
3.900535208265543119e-02
4.120878826249518845e-02
4.042299340632504734e-02
3.849860873665822414e-02
3.684782936128505604e-02
3.709165693065386016e-02
4.067175902789921249e-02
4.574350470474375374e-02
4.730460706792871672e-02
4.184668800035284963e-02
