3.825773053679581981e-02
3.797477806890647845e-02
3.102192235914980056e-02
2.342853408511069713e-02
1.653832452258607866e-02
1.111754263113007291e-02
7.204732915995770703e-03
4.453848790333059249e-03
3.322071483965238770e-03
2.869366250463190049e-03
3.010081129538266786e-03
2.840244589682128229e-03
2.574055823819310085e-03
2.591276683534204928e-03
2.496910412519315337e-03
2.133272859513146713e-03
2.015652502159404058e-03
2.094021121060829493e-03
2.084505215997012328e-03
2.010826945699983881e-03
1.846162985220001218e-03
2.030240078244704982e-03
1.642269100299409423e-03
1.779631247281088235e-03
1.684871258625042501e-03
1.783836255460302667e-03
1.610915694599035497e-03
1.674375963672147805e-03
1.647326492102307860e-03
1.628904269539321881e-03
1.531527912638441791e-03
1.548749763808254798e-03
1.561087882653966474e-03
1.665538417515266545e-03
1.633920605747740673e-03
1.574999108155727967e-03
1.571428541524810818e-03
1.635978763055212504e-03
1.581990768778629430e-03
1.644769598323714277e-03
1.596791330150559851e-03
1.508479081554492396e-03
1.536969941982380128e-03
1.597433122447533549e-03
1.502525208729177386e-03
1.658426058061546193e-03
1.577570987751575338e-03
1.635981981321976697e-03
1.510072837342724128e-03
1.657144398142129660e-03
1.650348280988089833e-03
1.397066823312198558e-03
1.483530695502999208e-03
1.613209906134227545e-03
1.649517444191173077e-03
1.530890699137144040e-03
1.509214887383758530e-03
1.479713934559256927e-03
1.606833807226926147e-03
1.596477404376406284e-03
1.634873003007575321e-03
1.544080435874062296e-03
1.470711516037059852e-03
1.659529416447202976e-03
1.606797485494193545e-03
1.507497849871475282e-03
1.856294830871796364e-03
