3.951637307869626525e-04
7.832655015468925619e-03
2.450787314084290625e-02
3.733982429894300292e-02
3.783212369744926029e-02
2.723812776775791367e-02
1.396810814390403443e-02
7.093518731852266335e-03
1.004766508540266834e-02
1.945711843959507803e-02
2.855918977811422454e-02
3.175289393412095151e-02
2.791353213598779526e-02
2.115053194717186891e-02
1.632921869212622390e-02
1.495241703631144947e-02
1.727719560281137934e-02
2.155002875933276218e-02
2.398655179771724821e-02
2.494357042395545232e-02
2.525732922446310980e-02
2.334706176714318460e-02
2.103926854961202242e-02
1.944654992376826375e-02
1.880614821282100557e-02
2.032210094892339391e-02
2.314614858614549853e-02
2.463089111179805890e-02
2.533887175687676852e-02
2.651651157748302623e-02
2.417845942932062009e-02
1.912944479356459837e-02
1.826496975586611171e-02
2.128744896068812675e-02
2.339429653657321140e-02
2.612894185376857248e-02
2.993783287263795945e-02
2.841030339544148298e-02
2.188391830746372335e-02
1.847804288619991908e-02
2.013647556806341665e-02
2.322232134696411432e-02
2.724972939683090178e-02
3.164090519585927019e-02
3.259559564922642760e-02
2.785169020571109932e-02
2.107611972075817963e-02
1.828195786309583237e-02
2.206485918353606746e-02
3.082687086292024148e-02
3.838736890884952846e-02
3.888649980609237833e-02
3.206381869005114904e-02
2.284597944058375241e-02
1.812956573283375228e-02
2.230547712174046904e-02
3.285906886076361832e-02
4.170098362757257426e-02
4.339369863796982418e-02
3.688523042796565399e-02
2.585129178838985187e-02
1.885076652735462321e-02
2.092444750794320019e-02
3.109007785381012745e-02
4.209037110287816574e-02
4.561848336812324156e-02
3.984918651705227077e-02
2.979146427142553843e-02
2.276066161706158386e-02
2.273145007431731646e-02
2.951522541729334481e-02
3.834160837964595281e-02
4.287882086911221080e-02
4.100706314872704095e-02
3.545568888422256926e-02
3.077129534341538353e-02
2.946828735360407236e-02
3.165891105834595098e-02
3.543595982465608252e-02
3.699211764596133101e-02
3.763316102786917750e-02
3.952500538826708709e-02
4.058477878843147479e-02
3.936178090791997430e-02
3.658717635033570392e-02
3.359490339296844486e-02
3.154229867984814639e-02
3.394813110241012843e-02
4.087760037011600733e-02
4.651675850188541350e-02
4.589734288950919616e-02
4.115622429019727413e-02
3.564960246502446584e-02
3.224193117567331068e-02
3.220391686663637287e-02
3.790235563181565404e-02
4.616193318466932372e-02
4.947414284282913854e-02
4.653861704040551661e-02
4.104704838149098034e-02
