4.441769523414398229e-06
3.556019629512589902e-06
2.116257362547378616e-05
8.461303005717023794e-05
2.600345355723259334e-04
5.872126809436443952e-04
8.510259827708593124e-04
4.624377326319841636e-04
4.824998847811466261e-04
1.138766208045564215e-04
2.230033317900715056e-03
2.748980537660639795e-03
7.207838911402772528e-04
2.482973614664336654e-03
1.518115304288282074e-03
5.440028672298343262e-03
2.657435377413393165e-03
3.906309006150940170e-03
3.076595232050702115e-03
6.477287592572382631e-03
