-3.063155025550904145e-02
-2.727149953860472098e-02
-3.740879700217954879e-02
-3.785181204864960375e-02
-3.750222933563946565e-02
-2.863710733513328763e-02
-3.343230114833041500e-02
-3.902830811745283679e-02
-3.636117337592201237e-02
-3.225030218263638671e-02
-5.628609035921083165e-02
-3.994011921971094004e-02
-6.206050694998602874e-02
-6.791791018573409278e-02
-6.649738675966086754e-02
-8.448408865798873180e-02
-8.603310556194673775e-02
-7.706732512291032677e-02
-1.060767629015785668e-01
-1.002251653698596756e-01
-1.165094673936001995e-01
-1.272491951894022810e-01
-1.336677408540861423e-01
-1.322710126944819098e-01
-1.250330431844501877e-01
-1.291687511434609081e-01
-1.130785720028636282e-01
-1.094222620514270911e-01
-1.047737599448115287e-01
-8.409808138117527698e-02
-6.989067659870160099e-02
-4.332375223644919365e-02
-4.092659392534855889e-02
-3.667772419929829497e-02
-3.784565792665980921e-02
-4.655630002504265730e-02
-6.079401654150013573e-02
-7.690115848348343108e-02
-1.038390272031857325e-01
-1.300078764250775787e-01
-1.267393186328437671e-01
-1.341415432926309215e-01
-1.270073798732663517e-01
-1.016263949512551529e-01
-7.559125029526832240e-02
-6.378794687972014210e-02
-4.678620104675020042e-02
-3.587878071597615931e-02
-4.668137585090672420e-02
-6.574884338266562267e-02
-7.660823103790700972e-02
-1.036697734819908845e-01
-1.279645164611269148e-01
-1.439633647532332916e-01
-1.122326334309664830e-01
-9.074725062286209676e-02
-5.541479567763777508e-02
-4.008869710378155232e-02
-4.050771645546762806e-02
-4.986809602885788201e-02
-8.313725884627037876e-02
-1.140682200082104442e-01
-1.356639688126335674e-01
-1.350423853406230446e-01
-9.956938062084215446e-02
-6.141062732730821760e-02
-3.806322995680075372e-02
-3.060242321801350668e-02
-7.086159318239347582e-02
-8.127316283471729130e-02
-1.258534088453382438e-01
-1.216209467062234206e-01
-9.401960341203280391e-02
-5.672070661679572828e-02
-4.019044660337085101e-02
-4.308703005811160419e-02
-7.203864843469748314e-02
-1.063688840105742744e-01
-1.245972974578637288e-01
-1.250029354734659426e-01
-9.236409432524954333e-02
-5.629606133639379617e-02
-3.595590683333031029e-02
-6.544240493568688477e-02
-1.127957874570426205e-01
-1.327443066863418231e-01
-1.109982514578723573e-01
-7.101210815493547157e-02
-3.516227170299023735e-02
-4.163495753235241931e-02
-8.818302578895438615e-02
-1.227141425803839475e-01
-1.303977616470421708e-01
-8.159013877082098298e-02
-4.800613869311314702e-02
-4.176547066496967553e-02
-7.859151886180464064e-02
-1.203063279326515855e-01
-1.282567367329444097e-01
-7.518355343819577152e-02
