-2.137608294617606219e+01
-2.135516960994852198e+01
-2.132771527486231733e+01
-2.130963647040600861e+01
-2.133207052146438443e+01
-2.132806792465319035e+01
-2.132674709257904055e+01
-2.133986844467949595e+01
-2.134026109423669837e+01
-2.132810562965295631e+01
-2.131846209420711702e+01
-2.131746490718498421e+01
-2.132501346514009199e+01
-2.133019438696889836e+01
-2.132713294996881359e+01
-2.132948137085787721e+01
-2.132983209177647055e+01
-2.132630177378782221e+01
-2.132259525924112964e+01
-2.132317393929863414e+01
-2.132502649014936935e+01
-2.132583947028186344e+01
-2.132593200532085120e+01
-2.132790447451642635e+01
-2.132796942626566405e+01
-2.132516001216452750e+01
-2.132502112301890662e+01
-2.132324993617737263e+01
-2.132114130485246051e+01
-2.132357961248348488e+01
-2.132432406644631229e+01
-2.132347537916835378e+01
-2.132077005173241346e+01
-2.131926735575171961e+01
-2.131886170326137631e+01
-2.132480380049488389e+01
-2.132157914820626843e+01
-2.131202807938949562e+01
-2.132184769881514086e+01
-2.131640243407954571e+01
-2.130697989249943447e+01
-2.132423469271383709e+01
-2.131776340701991046e+01
-2.131501366467310277e+01
-2.131493203839491457e+01
-2.130568875715077581e+01
-2.130513930637797770e+01
-2.129606370967307427e+01
-2.130577095117367037e+01
-2.130145703241834099e+01
-2.130758025553187096e+01
-2.131287854866710418e+01
-2.129459224198210165e+01
-2.129082858107356202e+01
-2.129115360911565702e+01
-2.129282491707291669e+01
-2.128900306716052526e+01
-2.130561683182379795e+01
-2.130433667990742919e+01
-2.129258432952398294e+01
-2.128361502304243658e+01
-2.128023094906165724e+01
-2.128174279920622070e+01
-2.128201824288940358e+01
-2.128860582068912777e+01
-2.129559804438630266e+01
-2.128960600790257018e+01
-2.126870039464582973e+01
-2.126723750019677439e+01
-2.127494474612692343e+01
-2.127442369810123068e+01
-2.127028004980006770e+01
-2.127979506539812604e+01
-2.127521094694777304e+01
-2.126356643382063183e+01
-2.125750792840577219e+01
-2.126247417850310129e+01
-2.126642281972140225e+01
-2.125731860966216047e+01
-2.125744660072475511e+01
-2.126036450215594087e+01
-2.125470509178741807e+01
-2.125427482030472959e+01
-2.124905919021746570e+01
-2.124927008032160458e+01
-2.124873168585137151e+01
-2.123857860863361324e+01
-2.124749800524099896e+01
-2.123787680220082663e+01
-2.123599403114915773e+01
-2.124128827643030348e+01
-2.122962054324735703e+01
-2.122681254088156066e+01
-2.122986040529715979e+01
-2.123154994945757323e+01
-2.122102928724371651e+01
-2.122100322131950634e+01
-2.121986632573786835e+01
-2.121108475077860334e+01
-2.121497622636767844e+01
