1.735605784257252893e+01
1.625568226973215857e+01
2.309365463256835938e+01
2.451807518800099572e+01
2.447853080431620398e+01
2.566405657927195350e+01
2.547552204132080078e+01
2.023123566309611121e+01
1.614614741007487098e+01
1.615295720100402832e+01
1.679041783014933387e+01
1.670265328884124756e+01
1.826680203278859338e+01
1.775716543197631836e+01
1.766508444150288781e+01
2.031250615914662561e+01
2.029435726006825647e+01
2.021738203366597375e+01
1.967588762442271033e+01
1.618704585234324256e+01
1.709858759244282922e+01
1.737037241458892822e+01
1.749137119452158728e+01
1.588384310404459576e+01
1.590429568290710449e+01
1.603676756223042688e+01
1.618171874682108680e+01
1.640594669183095178e+01
1.656718182563781738e+01
1.631086818377177039e+01
1.631635133425394812e+01
1.645398493607838830e+01
1.622394065062205115e+01
1.594966002305348773e+01
1.677928161621093750e+01
1.747593140602111816e+01
1.792505013942718506e+01
1.864647384484608850e+01
1.867404580116271973e+01
1.786504371960957727e+01
1.787286170323689660e+01
1.743004035949707031e+01
1.765244682629903039e+01
1.733396395047505578e+01
1.715095369021097937e+01
1.760591022173563758e+01
1.699422057469685754e+01
1.720164362589518348e+01
1.784077870845794678e+01
1.711206440130869666e+01
1.679740830262501916e+01
1.631619278589884559e+01
6.676230914990106839e+02
1.641891809304555139e+01
1.647260133425394812e+01
1.619201954205830774e+01
1.653758831818898400e+01
1.633482086658477783e+01
1.628204663594563684e+01
1.625519847869873047e+01
1.628044835726420203e+01
1.650052928924560547e+01
1.625701769193013391e+01
1.631286986668904504e+01
1.640960411230723182e+01
1.635308229923248291e+01
1.636456382274627686e+01
1.629873307545979699e+01
1.592192093531290631e+01
1.615213513374328613e+01
1.638183820247650146e+01
1.620253324508666992e+01
1.598840959866841693e+01
1.662386429309844971e+01
1.625751773516337195e+01
1.626383201281229773e+01
1.629191231727600098e+01
1.635093367099761963e+01
1.650949664910634240e+01
1.636655660470326623e+01
1.621811048189799109e+01
1.626998285452524939e+01
1.609227947394053260e+01
1.643919769922892371e+01
1.630520915985107422e+01
1.628313020865122596e+01
1.592043340206146240e+01
1.620981216430664062e+01
1.633316703637440881e+01
1.619135324160258094e+01
1.644302165508270264e+01
1.640345315138499060e+01
1.662353078524271766e+01
1.594800508022308350e+01
1.615862254301707068e+01
1.649736197789509973e+01
1.622893305619557580e+01
1.624155577023823938e+01
1.626185278097788611e+01
1.630588026841481408e+01
