4.054250405021164738e-04
1.191178085394706265e-03
3.761121853680160498e-03
7.835008766203910291e-03
1.299311476062658954e-02
1.872951470428296794e-02
2.450787175793645023e-02
2.981424206792038234e-02
3.420409975948868198e-02
3.733976709773867420e-02
3.901436180564399336e-02
3.915805700261643096e-02
3.783232175240636153e-02
3.521217933585751858e-02
3.156628599544608615e-02
2.723279100421771570e-02
2.259253984575837482e-02
1.803713097782488894e-02
1.393424083902417010e-02
1.059488521560547625e-02
8.248431187302451839e-03
7.027490470455144411e-03
6.966591644706698894e-03
8.007238856686527129e-03
1.001029742655890065e-02
1.276710287915994169e-02
1.602069077932533059e-02
1.949132885888671396e-02
2.289891341763250487e-02
2.598812111499027022e-02
2.854232956191959936e-02
3.039751835005044533e-02
3.144784022027269366e-02
3.166642759170190669e-02
3.108594836959233110e-02
2.980512950035296704e-02
2.798413471011218512e-02
2.580661559234087576e-02
2.346042013936144865e-02
2.112231352299009934e-02
1.898585495376559074e-02
1.722155896593147162e-02
1.593333772374749824e-02
1.518416782125542319e-02
1.498521270544950212e-02
1.529459320353765417e-02
1.601779383720824956e-02
1.701139364444614888e-02
1.813190626526750560e-02
1.928273551297310373e-02
2.041159933433500662e-02
2.146115860934205699e-02
2.243336561661757322e-02
2.337215948421922374e-02
2.427279583626962278e-02
2.509349850705189233e-02
2.577038474971071746e-02
2.620551372018131708e-02
2.629304894983264251e-02
2.601726531859016589e-02
2.544912483081851473e-02
2.465378482567659457e-02
2.377902706330781157e-02
2.293996709296686198e-02
2.220369133650257343e-02
2.156677261329276174e-02
2.103091109686838767e-02
2.063210149356276002e-02
2.038741569744406679e-02
2.030653750032473948e-02
2.033469926891307011e-02
2.040915516941521624e-02
2.050220368987809572e-02
2.066432379280069842e-02
2.099933287050603781e-02
2.158847341814429388e-02
2.251619833637508172e-02
2.372601114494277130e-02
2.502613041824797158e-02
2.619213308117562811e-02
2.697921696495442223e-02
2.721273955499103891e-02
2.686417937117757671e-02
2.607389731525888710e-02
2.507584364109560759e-02
2.411823560310133452e-02
2.343983023296580814e-02
2.318915044695657457e-02
2.338253502431075770e-02
2.395264730126545061e-02
2.474482526273003025e-02
2.555036067670712896e-02
2.611358027656973668e-02
2.630825434610217783e-02
2.616505747777309043e-02
2.587083765040876226e-02
2.568205871154150000e-02
2.577342460852061201e-02
2.623021473142772564e-02
2.694786086087797017e-02
2.772808181178931797e-02
2.834698376109723306e-02
2.851900678832997027e-02
2.805287190598304559e-02
2.701855840403089015e-02
2.571789235429544629e-02
2.448882114905215346e-02
2.377623077565060861e-02
2.387502541278629931e-02
2.487335124424627786e-02
2.665923705490058637e-02
2.888641801174296475e-02
3.110868496661867155e-02
3.291784179518542075e-02
3.403990645166310447e-02
3.438655731173190233e-02
3.413677045736973614e-02
3.356103111942565498e-02
3.288264496311299467e-02
3.228334516894426631e-02
3.187711360590983478e-02
3.162089028598369378e-02
3.131996646330759138e-02
3.075960334118832407e-02
2.982593372123443221e-02
2.852420577901959575e-02
2.706791573885647395e-02
2.574204124524281934e-02
2.482509170088542660e-02
2.461461271389298044e-02
2.521665317411803109e-02
2.658263931023374660e-02
2.855053543242236369e-02
3.089037255788940062e-02
3.338885096959953724e-02
3.578884622593747622e-02
3.788757683337473647e-02
3.964081874106240022e-02
4.100842704881002554e-02
4.202124069389168159e-02
4.271765120994874820e-02
4.293073210845943510e-02
4.250213668664526434e-02
4.137526356466647570e-02
3.958765001737951650e-02
3.723202543179315871e-02
3.447934506897532003e-02
3.165679746333793787e-02
2.910161065079985843e-02
2.699411907399262844e-02
2.551330632089121586e-02
2.484816185105609421e-02
2.514469802299923451e-02
2.646726345875349828e-02
2.880567689895363603e-02
3.195779694301226215e-02
3.567115444123569734e-02
3.969528967114532847e-02
4.356289361588894238e-02
4.697059863367092358e-02
4.972491139597612353e-02
5.163236584302721699e-02
5.250932238717276324e-02
5.226554449551246151e-02
5.095749556780770906e-02
4.873296989360675902e-02
4.579746693145048120e-02
4.246431650404658420e-02
3.903822872149032008e-02
3.576359260229478032e-02
3.284353958261909678e-02
3.041095285750727850e-02
2.863706401861176865e-02
2.770223293327556124e-02
2.777542271502142501e-02
2.900287703455384225e-02
3.138954223182266468e-02
3.484978380003356246e-02
3.908024756257932886e-02
4.367175292248859364e-02
4.819454516583798753e-02
5.219197637503947274e-02
5.525408447905055809e-02
5.710733116535426923e-02
5.763401557620306814e-02
5.694110772892801986e-02
5.528060759520425638e-02
5.274223630063235024e-02
4.952831798462198343e-02
4.588969067464643281e-02
4.208423953287721009e-02
3.841202430707468807e-02
3.522555989908349172e-02
3.283740927400868870e-02
3.144216282597001033e-02
3.125792375432745462e-02
3.238955939530430150e-02
3.471158178535915795e-02
3.794221551059029363e-02
4.175995953082034529e-02
4.578986056712675001e-02
4.961756304468245560e-02
5.290939195901533942e-02
5.542018196426634624e-02
5.697583589372745561e-02
5.754522068832745862e-02
5.725202755348390848e-02
5.625151397974303968e-02
5.463560445360637896e-02
5.249686753550686369e-02
5.002865783712140413e-02
4.741790132950618464e-02
4.483697147130905059e-02
4.251961489865396793e-02
4.073216234129084512e-02
3.966258145544809821e-02
3.940583239973050045e-02
3.997253428011304788e-02
4.126882828390110447e-02
4.311988424427981581e-02
4.534314825578567021e-02
4.773024513844048577e-02
4.995016105718785848e-02
5.167680201832458575e-02
5.279996320309932045e-02
5.332499018721148509e-02
5.327540095225247185e-02
5.282596743590617372e-02
5.217739355801098711e-02
5.145189805097316604e-02
5.079175386161860484e-02
5.023842781452891870e-02
4.972362562759202742e-02
4.923774554141013837e-02
4.885548790592109114e-02
4.862531248421686492e-02
4.856034457340274724e-02
4.867211228802692524e-02
4.890553423209520467e-02
4.916062738734738868e-02
4.946431507167670105e-02
4.983144811783213335e-02
5.015218623313999480e-02
5.036896931501255725e-02
5.049868483089181570e-02
5.057011221833118686e-02
5.064714347067111877e-02
5.077199191229153641e-02
5.094950676251730481e-02
5.117899241744394701e-02
5.155071730424443111e-02
5.206764734566959874e-02
5.269632918176081482e-02
5.334853678996775983e-02
5.381556760851835541e-02
5.398006927454379600e-02
5.389730549534088588e-02
5.363259188681035461e-02
5.332995025473630246e-02
5.311716559986723318e-02
5.299750220368459885e-02
5.299056167816207363e-02
5.307878988814074273e-02
5.321659771732378807e-02
5.335671551971665760e-02
5.346582254791276689e-02
5.352624773578329442e-02
5.358451051538926091e-02
5.368453823194307972e-02
5.384147150520768310e-02
5.410094670868181854e-02
5.455114425721108162e-02
5.514675521933243285e-02
5.578850135652668740e-02
5.637977879967814854e-02
5.676705312602858822e-02
5.683243725266950985e-02
5.650896142611383510e-02
5.588601447619012674e-02
5.515430984697000660e-02
5.438782949609932693e-02
5.367308512845792023e-02
5.317480343338609750e-02
5.301015292682209612e-02
5.323030063836786674e-02
5.383284703858692843e-02
5.478630735091849502e-02
5.605088599503416091e-02
5.751327596189848013e-02
5.907164141347009956e-02
6.059204425786302028e-02
6.193217481592339091e-02
6.286658164704728158e-02
6.329020018566955397e-02
6.313549651236516347e-02
6.226574988448763115e-02
6.067786372112515814e-02
5.853724553793282492e-02
5.615393528792944622e-02
5.391140224832358108e-02
