1.634708521606002403e-06
1.301606669487969864e-06
3.934291673554079231e-07
1.049004939575084396e-06
2.819551267554179361e-06
4.693179569525494284e-06
7.543730241755196987e-06
1.660752485173518676e-06
2.324457309358029538e-05
2.574595793856141615e-05
2.455460761442855485e-05
2.622665327760763073e-05
4.696946750471127103e-05
5.604074942703750253e-05
5.812549654628610676e-05
7.902398542553826667e-05
7.677239384774803743e-05
6.957181907141440035e-05
9.968678596175246183e-05
1.124495140631735736e-04
1.055205235444390768e-04
7.626356725823277554e-05
1.621228646533872774e-04
1.634665611133218456e-04
1.808184396508160676e-04
1.965758126670914113e-04
2.252204284866031480e-04
1.849191433205946188e-04
2.011182319919276973e-04
2.270728124326490253e-04
2.075391015474614860e-04
2.461267821892397512e-04
1.956962549964679833e-04
1.788384300770147841e-04
1.080950970765964504e-04
1.232567605268297185e-04
2.338867445742404149e-04
1.734153269399976228e-04
2.534783322749636892e-04
2.574078246028960811e-04
1.336646029211883708e-04
1.104872078346633260e-04
1.070593772223771609e-04
3.674150921707035154e-05
2.846570850410750075e-05
1.549537901188450986e-04
4.617660769217002886e-05
1.542300837087102030e-04
3.582722581886689864e-04
2.606126442115439370e-04
2.255387681661574274e-04
5.366143813654922819e-04
4.521547850930455548e-04
5.317797607757806079e-04
4.616975609324993506e-04
7.055333536162873434e-04
8.200285561122661439e-04
1.135779439953227884e-03
9.823598200702375518e-04
1.152378750183354365e-03
1.275741622883529635e-03
1.415664877751814012e-03
1.689221869807101643e-03
1.992690796238265078e-03
2.158619084332101708e-03
2.171777755521899552e-03
2.129929662949398526e-03
2.274354822915554842e-03
2.569111552699525694e-03
2.629129527167478955e-03
2.753628427152602070e-03
3.288768802001728556e-03
3.432794287818423905e-03
4.043857549542080772e-03
3.391518934812459696e-03
3.779928516652836506e-03
3.946819049061416236e-03
4.384390422431760741e-03
4.792737828342347010e-03
5.145681941030097635e-03
4.960249496091166319e-03
5.078130473518119824e-03
5.132349026020314835e-03
5.057251610873337612e-03
4.889555966462223041e-03
5.853774879733637457e-03
6.369043929039967800e-03
5.662291197241571886e-03
5.419116670002742386e-03
5.111173554059062624e-03
6.459167261319948353e-03
6.259172144950553643e-03
2.122703193911686104e-01
6.671380351701177921e-03
5.842114598168876224e-03
6.722001722581103476e-03
6.424309113806361479e-03
6.071258185007015300e-03
6.920358349863014145e-03
5.867483392823317004e-03
