3.510826216775562308e-02
3.238347285915438994e-02
3.049752991580752595e-02
2.959766154590476317e-02
2.968231673558087425e-02
3.062445127942304071e-02
3.221286275675878247e-02
3.420111249679132909e-02
3.635440043666300636e-02
3.848469321954865741e-02
4.046489031202734482e-02
4.221782800873512959e-02
4.368718554684709182e-02
4.480876779496704987e-02
4.550113360331587559e-02
4.568124062658661388e-02
4.529207016082689718e-02
4.432306417647546848e-02
4.281397795558002095e-02
4.084890035061543995e-02
3.855265031954027699e-02
3.609309102059032881e-02
3.368176764623315167e-02
3.156317545391117141e-02
2.998729649285441015e-02
2.916868580699374935e-02
2.924811156293575728e-02
3.026112090029529564e-02
3.212229149070323225e-02
3.461981127432162825e-02
3.745787349669489619e-02
4.028686104702396825e-02
4.276288755467907293e-02
4.461129887656110904e-02
4.566132004852394705e-02
4.586027944302772247e-02
4.527352604824656790e-02
4.405891276308941673e-02
4.242940850875596970e-02
4.061554471706945585e-02
3.883599378983344091e-02
3.727591146261743926e-02
3.606212735589834489e-02
3.525794295063517519e-02
3.488055137079101864e-02
3.489927391115105193e-02
3.524073262780234861e-02
3.580334456440906893e-02
3.647976543002536681e-02
3.718163073888955394e-02
3.783511734508013258e-02
3.840371411226162907e-02
3.889033159548190705e-02
3.932228016431486145e-02
3.972773054072486348e-02
4.010576955758541479e-02
4.042181514297740752e-02
4.066237427377335928e-02
4.084762723919201782e-02
4.095694263550816311e-02
4.095203334093706210e-02
4.083317673752644150e-02
4.061252471936012409e-02
4.029813122195947950e-02
3.992061580825839034e-02
3.955429682504017774e-02
3.928606652991001313e-02
3.916708725735596613e-02
3.921810827403020283e-02
3.942240007578076688e-02
3.973449004445949589e-02
4.007774532054889094e-02
4.037570185415838980e-02
4.056925996471248685e-02
4.062879382962310271e-02
4.058475587922130007e-02
4.052188976974631374e-02
4.052926802013085555e-02
4.066655057593535072e-02
4.095494020542893993e-02
4.136532481996009480e-02
4.183709935551027659e-02
4.228792589544777547e-02
4.263708629637390224e-02
4.281681147357930400e-02
4.277009322857146245e-02
4.250210967271615681e-02
4.207365970721062276e-02
4.159653275979056236e-02
4.120768080835033459e-02
4.096655875856332341e-02
4.092573864752595270e-02
4.110769464586261357e-02
4.147914295081149560e-02
4.197202856420041706e-02
4.250621565873961838e-02
4.304347035680844424e-02
4.352712407289548169e-02
4.390137110625248057e-02
4.418477378740238992e-02
4.444028936721097084e-02
4.470477657875869537e-02
4.492969111290626150e-02
4.501129459346089184e-02
4.485395869549354403e-02
4.442291916749423197e-02
4.376927467261165772e-02
4.299824045257400612e-02
4.228370535738288499e-02
4.181173163874642162e-02
4.170252245947650427e-02
4.201350629099635803e-02
4.270155143099577805e-02
4.360449402490024912e-02
4.456204831489885693e-02
4.543402473297579458e-02
4.608840529418550130e-02
4.647252004150691229e-02
4.661956314735517248e-02
4.660357031348697637e-02
4.650564297154069493e-02
4.639926465973142483e-02
4.636803659334082922e-02
4.644535062540529335e-02
4.657267554297383344e-02
4.670747492243949861e-02
4.684421710107045111e-02
4.695625147254164911e-02
4.702344360181109212e-02
4.705969094579985634e-02
4.705980827384967369e-02
4.700109984141986885e-02
4.686690306650428961e-02
4.663580308266598862e-02
4.627048969761802383e-02
4.577133948055678303e-02
4.520486473400581878e-02
4.468196978368527833e-02
4.433791782553942601e-02
4.431096333461809200e-02
4.469835624588458511e-02
4.551092365383872101e-02
4.668870727845300661e-02
4.810834178557697044e-02
4.959157499587879547e-02
5.094726878343091431e-02
5.196332951927321031e-02
5.248903568567199474e-02
5.246340956221270252e-02
5.190753504112097932e-02
5.095905199122286594e-02
4.979938400579771163e-02
4.856042964574899812e-02
4.733460975452880720e-02
4.622381716967973592e-02
4.537604805492508747e-02
4.487226520075188879e-02
4.468509898570997146e-02
4.477560965173517371e-02
4.510330804792100218e-02
4.563577663306970372e-02
4.635100115746697974e-02
4.723690360637436414e-02
4.830300771475228017e-02
4.950702028539584465e-02
5.076528931050575122e-02
5.202782023184558680e-02
5.325352994147685565e-02
5.438804384210287751e-02
5.536252460964519173e-02
5.605166836723420032e-02
5.628072569691636856e-02
5.586867076947998195e-02
5.478735812690656293e-02
5.309492972624207940e-02
5.089212590360671362e-02
4.834877532577645104e-02
4.577397589157854163e-02
4.350101445771885345e-02
4.182350060176992512e-02
4.094629900179097559e-02
4.097839164706294779e-02
4.195358981231224471e-02
4.381020334399577526e-02
4.635864695277462644e-02
4.932053030147020428e-02
5.239752823345213834e-02
5.532490672357775335e-02
5.784633822679478843e-02
5.969374620614279620e-02
6.066979478919713731e-02
6.066833878155468429e-02
5.972757311331218510e-02
5.804455103785449710e-02
5.584892180584272864e-02
5.340099525186326607e-02
5.094898379942711109e-02
4.871726892096123890e-02
4.685762941721000746e-02
4.545855715009741727e-02
4.459644815720644612e-02
4.430079744906970096e-02
4.451151479784308529e-02
4.516027954225879104e-02
4.616218026423747622e-02
4.744829590014831150e-02
4.896312163005510365e-02
5.065087193162257084e-02
5.245482559041848153e-02
5.427727802757811165e-02
5.602824236056185708e-02
5.758151111026095503e-02
5.873203154061697878e-02
5.932434601646660588e-02
5.926634177381043256e-02
5.852062996085621166e-02
5.713583855770874159e-02
5.525112198888868648e-02
5.309574456328295528e-02
5.092862986419571802e-02
4.898191990189695172e-02
4.744443409194999683e-02
4.647662105117977144e-02
4.617342432174927069e-02
4.647599555985213599e-02
4.726709163705501704e-02
4.840852259561835569e-02
4.976548603942806265e-02
5.123267666915036489e-02
5.270755011525185552e-02
5.408787749199926026e-02
5.527650715538269532e-02
5.621590873010434697e-02
5.687417693875054803e-02
5.726428984527153626e-02
5.741182119899882613e-02
5.731351975816455918e-02
5.696188532564475798e-02
5.636060381918494427e-02
5.556419617627348512e-02
5.463262550881343299e-02
5.362602198222043981e-02
5.264120063313475206e-02
5.175236510431677206e-02
5.100241119505105614e-02
5.048176757885129012e-02
5.028297548877544432e-02
5.045384016016081496e-02
5.099579327749518415e-02
5.185842192046134086e-02
5.288094768256478700e-02
5.394283937202181550e-02
5.495634634932979740e-02
5.574864622614817550e-02
5.619623651600456904e-02
5.631871265715521213e-02
5.619080814149240988e-02
5.588634486079288588e-02
5.549215707294895966e-02
5.508087444424327600e-02
5.473178526398842642e-02
5.453774643501117791e-02
5.456527180119335324e-02
5.482737186014566971e-02
5.531282887984462909e-02
5.600706828224277789e-02
5.675194353488465654e-02
5.728085330136964415e-02
5.742908964385035758e-02
5.715082281477613241e-02
5.644902303690487594e-02
5.534921930990141514e-02
5.396765814186156585e-02
5.255175646471699907e-02
5.136067780518289300e-02
5.061945011560813057e-02
5.048709882027580670e-02
5.097557343620990472e-02
5.200089465759125812e-02
5.338758286629321365e-02
5.492366717824392897e-02
5.640273341376086935e-02
5.765215321399793508e-02
5.856121629100972947e-02
5.906418603757074282e-02
5.913217045383386411e-02
5.881522510914060503e-02
5.821251978538881378e-02
5.741807109976121426e-02
5.655333300584506478e-02
5.575041020516126322e-02
5.510840565768209548e-02
5.463993357612248469e-02
5.430529077457368903e-02
5.408223172414874935e-02
5.402803579734039713e-02
5.422374587235811311e-02
5.469926753373069439e-02
5.544905295590267513e-02
5.643125275168996147e-02
