3.127512423060567481e-02
2.699109679851939558e-02
3.825084258308569102e-02
3.888072723924061030e-02
3.730454677250353429e-02
2.956764634183952148e-02
3.569631435256956364e-02
4.146888678631608510e-02
3.700836946724360421e-02
3.192667759227658941e-02
5.762914227607648238e-02
3.965134430491002587e-02
6.421025715939596146e-02
6.887439282953825015e-02
6.616703940690230046e-02
8.549811774269309994e-02
8.828793452818931020e-02
7.641841671966960459e-02
1.069423791781904387e-01
1.000677633298849151e-01
1.175770917967847717e-01
1.278670700349462397e-01
1.339595833487479681e-01
1.334757912061273200e-01
1.263763349855718532e-01
1.301721792547524126e-01
1.147038471626092571e-01
1.119614793555451099e-01
1.055759017196758881e-01
8.566406549232125078e-02
7.259144252830850019e-02
4.414995302124122278e-02
4.059559862522276602e-02
3.775149485606198174e-02
3.868249092767183511e-02
4.722030353321806512e-02
6.149981724696528679e-02
7.715542430437845323e-02
1.024344002414163818e-01
1.322995306575999452e-01
1.259550018661979853e-01
1.352855423265525991e-01
1.281056270047026269e-01
1.018528949123885252e-01
7.532319700102946269e-02
6.461452165211629961e-02
4.907246479243569659e-02
3.486578889711977602e-02
4.718468698211966683e-02
6.653545418047944471e-02
7.627158354510256422e-02
1.038429277604645123e-01
1.274625655806604363e-01
1.463733684341608499e-01
1.115528667696176618e-01
9.165173253811847998e-02
5.645839422421915221e-02
4.254608902231669931e-02
4.190593986766408263e-02
5.085192548620153657e-02
8.400306188048323186e-02
1.150940499722091087e-01
1.372963586305490646e-01
1.357644841763546439e-01
9.851730858743756869e-02
6.132152837285025776e-02
3.910977263623916650e-02
3.107167059073293047e-02
7.205338986894012365e-02
8.008527146654480233e-02
1.264121666221525719e-01
1.226957795621806263e-01
9.338173587587340896e-02
5.641099806358037400e-02
4.099338592462588998e-02
4.294797557559489054e-02
7.461322893223648611e-02
1.057353383034964484e-01
1.235948711694744157e-01
1.251885293034750712e-01
9.439326371750714206e-02
5.850025613059411239e-02
3.507434418741758875e-02
6.601738133113906060e-02
1.158516888211487128e-01
1.335245436263606256e-01
1.115362127899296452e-01
7.159214682788250794e-02
3.518177368005998007e-02
4.226105474913040977e-02
8.836030088513598113e-02
1.236472300917337841e-01
1.319035478858875676e-01
8.286622963765304106e-02
4.856817858017538347e-02
4.136922950805978910e-02
7.848269045507172414e-02
1.219047399931538073e-01
1.298262404443740747e-01
7.560007443740009159e-02
