1.000000000000006217e+00
1.000000000000026645e+00
1.000000000000054623e+00
1.000000000000153877e+00
1.000000000000232259e+00
1.000000000000466960e+00
1.000000000000585532e+00
1.000000000000810463e+00
1.000000000001012745e+00
1.000000000001270761e+00
1.000000000001482370e+00
1.000000000001751710e+00
1.000000000002143175e+00
1.000000000002525091e+00
1.000000000002946976e+00
1.000000000003397727e+00
1.000000000003934630e+00
1.000000000004443557e+00
1.000000000005062173e+00
1.000000000005877965e+00
1.000000000006673107e+00
1.000000000007580825e+00
1.000000000008382184e+00
1.000000000009217516e+00
1.000000000009968470e+00
1.000000000010856649e+00
1.000000000011647350e+00
1.000000000012586820e+00
1.000000000013603341e+00
1.000000000014665380e+00
1.000000000015679458e+00
1.000000000016852297e+00
1.000000000018004931e+00
1.000000000019265700e+00
1.000000000020431212e+00
1.000000000021616042e+00
1.000000000022840840e+00
1.000000000024186209e+00
1.000000000025556890e+00
1.000000000026892710e+00
1.000000000028280045e+00
1.000000000029787284e+00
1.000000000031277203e+00
1.000000000032696512e+00
1.000000000034180214e+00
1.000000000035679015e+00
1.000000000037309045e+00
1.000000000039133585e+00
1.000000000040949022e+00
1.000000000042728043e+00
1.000000000044422466e+00
1.000000000046217252e+00
1.000000000048126836e+00
1.000000000050052851e+00
1.000000000051918914e+00
1.000000000053621552e+00
1.000000000055429661e+00
1.000000000057465366e+00
1.000000000059519500e+00
1.000000000061606720e+00
1.000000000063802741e+00
1.000000000066112671e+00
1.000000000068220318e+00
1.000000000070467188e+00
1.000000000072805983e+00
1.000000000075188078e+00
1.000000000077570839e+00
1.000000000080090379e+00
1.000000000082392981e+00
1.000000000084810825e+00
1.000000000087239549e+00
1.000000000089853458e+00
1.000000000092216235e+00
1.000000000094813490e+00
1.000000000097453601e+00
1.000000000100008446e+00
1.000000000102844178e+00
1.000000000105373710e+00
1.000000000108354214e+00
1.000000000111107790e+00
1.000000000113762333e+00
1.000000000116495036e+00
1.000000000119471322e+00
1.000000000122471588e+00
1.000000000125478516e+00
1.000000000128528521e+00
1.000000000131647804e+00
1.000000000134715794e+00
1.000000000137605927e+00
1.000000000140819356e+00
1.000000000143938861e+00
1.000000000147154955e+00
1.000000000150414570e+00
1.000000000153635327e+00
1.000000000157074798e+00
1.000000000160468749e+00
1.000000000163949077e+00
1.000000000167457603e+00
1.000000000170984782e+00
1.000000000174578130e+00
