5.894908322252670917e-10
3.470325645885922002e-10
2.101384245347346865e-10
1.574715890583191086e-10
1.671584035791351093e-10
2.239750096483870671e-10
3.229768563844540066e-10
4.697530839846047243e-10
6.794508172821657471e-10
9.760029023943824725e-10
1.393491198751786403e-09
1.976824673908867341e-09
2.787797363420218596e-09
3.903355411741963867e-09
5.415079489422048784e-09
7.426466446119235425e-09
1.005148890531520170e-08
1.341195533988983898e-08
1.764665463327290823e-08
2.292743895328693209e-08
2.949965293419824022e-08
3.774589337763194609e-08
4.828651886127370133e-08
6.205600848457694716e-08
8.025345005014077893e-08
1.042550776488093217e-07
1.355406061926927520e-07
1.750578924258776146e-07
2.227217129113115396e-07
2.761604725125310312e-07
3.300070663973628221e-07
3.745669583492250946e-07
3.952860869557713620e-07
3.714145942744293084e-07
2.755823459412121251e-07
7.726774621681047653e-08
2.548976047449612188e-07
7.509906048779324948e-07
1.432860854223340097e-06
2.308599239741322076e-06
3.368105802694395142e-06
4.573960790724406317e-06
5.861210990976372493e-06
7.136572197968629015e-06
8.283461840342402942e-06
9.158849135833425705e-06
9.585623621682282705e-06
9.461104888259539239e-06
8.610546836990366212e-06
6.897197434975995000e-06
4.282196743960774220e-06
7.440090106129775857e-07
3.659225958334663544e-06
8.812978649612828439e-06
1.465635270334386153e-05
2.124821921371511968e-05
2.807380155806384381e-05
3.453521185406865809e-05
4.005155512249362030e-05
4.361436917950937731e-05
4.429896179014562892e-05
4.253547735705959335e-05
3.514981177167787090e-05
2.244301698895091084e-05
7.308031478041765714e-06
1.245906264101308091e-05
3.693131448469353826e-05
6.385932572517918253e-05
9.337199128066981030e-05
1.244711022509580479e-04
1.515863765153407374e-04
1.688351679442211034e-04
1.708516867934000317e-04
1.536220756341341424e-04
1.124893076390991994e-04
4.525693054320320389e-05
4.163039926641080597e-05
1.406505937130570199e-04
2.477047797283162683e-04
3.497918428100186736e-04
4.354398034211192140e-04
4.981445567867281120e-04
5.242655680925870738e-04
4.979444635360214715e-04
4.159216041366347390e-04
2.795697268538266584e-04
9.075837232333172568e-05
1.363705111823076889e-04
3.759665485384320010e-04
6.059181664069925640e-04
8.032013012931802070e-04
9.448883455817143513e-04
1.012220562055710007e-03
9.795308577969297822e-04
8.298537510348070155e-04
5.668984069120953061e-04
2.178145105999939658e-04
1.841147737525923047e-04
6.160215259115890338e-04
1.047014985449299176e-03
1.422683215821191971e-03
1.684659318725134419e-03
1.801908728850186870e-03
1.752310426588376147e-03
1.523787407341508368e-03
1.127467630544949206e-03
5.992510810995945684e-04
2.348632867785189796e-05
6.863749607932544301e-04
1.319140404551287548e-03
1.867251627689282389e-03
2.274680408573514275e-03
2.503121802082686372e-03
2.537927743761673495e-03
2.372479400678362271e-03
2.004311364870694362e-03
1.435349730109195367e-03
7.385863246371670351e-04
3.441185446379750827e-06
7.251727575243476680e-04
1.397456938563733288e-03
1.961321659369985940e-03
2.381704485881871742e-03
2.619721845314742018e-03
2.655465926296529146e-03
2.497627521449999159e-03
2.141566126240310435e-03
1.570662720508232083e-03
8.043601293368577961e-04
9.570902794924070146e-05
1.057614029867900377e-03
1.991915358126227376e-03
2.856557690943313434e-03
3.597024946781890182e-03
4.148677151450393813e-03
4.440700911183224908e-03
4.434870555054200129e-03
4.117020892893189822e-03
3.485282351661239762e-03
2.532636685049737858e-03
1.345485805790858080e-03
2.836103494700662787e-05
1.301080393352940963e-03
2.527566676908577122e-03
3.527808227666253370e-03
4.194438144406147616e-03
4.425180173653708512e-03
4.182844530739412287e-03
3.483880867204583714e-03
2.368856878038552369e-03
9.207396454650838965e-04
7.517734730836184631e-04
2.505309543913233732e-03
4.171603568710806169e-03
5.615315046598858516e-03
6.728641853327937440e-03
7.403091435931207463e-03
7.549848534054709806e-03
7.178707586475142205e-03
6.312122771036714382e-03
5.024337574608877220e-03
3.392063097808270446e-03
1.524220258984423275e-03
3.967301298531022069e-04
2.181561534898761832e-03
3.706097855951097104e-03
4.807054602961258020e-03
5.406225725455774192e-03
5.451604307737533024e-03
4.927627543130689257e-03
3.878004308487006772e-03
2.375491384794888635e-03
5.357095427869378902e-04
1.501050058804112488e-03
3.583998308917792086e-03
5.547547148753549304e-03
7.226566229056484957e-03
8.449640897908318460e-03
9.089079818905002744e-03
9.086480792250113681e-03
8.446073498182816303e-03
7.246579154971293131e-03
5.599517302691134346e-03
3.638341392082060626e-03
1.513606995268502835e-03
5.829146366017292540e-04
2.448641312985931108e-03
3.899688096573460279e-03
4.804091954489027663e-03
5.107727647197726241e-03
4.802303112482701926e-03
3.926028164564502460e-03
2.565977465969554276e-03
8.220371135220786362e-04
1.183158816527276475e-03
3.262462954124486711e-03
5.227686457303400494e-03
6.909557789271535480e-03
8.178987869454661455e-03
8.956819131511500887e-03
9.175538770416668405e-03
8.825947809169400540e-03
8.002700089911728848e-03
6.817828854686605079e-03
5.356958669097459068e-03
3.744173917261986798e-03
2.156735139625145983e-03
7.252621203306105569e-04
4.676406503484529490e-04
1.360407042817894522e-03
1.877475980668942513e-03
1.922056452544423488e-03
1.499028560052419494e-03
6.613533219008680981e-04
5.186580291189347687e-04
1.903345538647556326e-03
3.332971347325769818e-03
4.676417696234729145e-03
5.834294360627666036e-03
6.726101555552811175e-03
7.304742942921289145e-03
7.581887941035884461e-03
7.547363811037911818e-03
7.223707091297476741e-03
6.717863457175573573e-03
6.102449421296098943e-03
5.422261336619530261e-03
4.762104656726965854e-03
4.214957476878403164e-03
3.834390070681989796e-03
3.639906428608841171e-03
3.604395517267835591e-03
3.670093825055403911e-03
3.810945601529014577e-03
4.005465042650746370e-03
4.223221829000400537e-03
4.432124480335230751e-03
4.591542610255529809e-03
4.708957747604002736e-03
4.808635521716088206e-03
4.889608314278253744e-03
4.924701738964801755e-03
4.939411152700841010e-03
4.983453538969722686e-03
5.096031821596696924e-03
5.280275183489981095e-03
5.546332770374262817e-03
5.864271643605982638e-03
6.205472597249052369e-03
6.559121736806411244e-03
6.875184762437269899e-03
7.104203735673804768e-03
7.233231427145981468e-03
7.241866298190136227e-03
7.137924419898140915e-03
6.952878206376110655e-03
6.713737581590461558e-03
6.355275898848817065e-03
5.824845291356906853e-03
5.237691885346710055e-03
4.693311407113150840e-03
4.238818387716217738e-03
3.920391523472861912e-03
3.787288552174040632e-03
3.889250666671664400e-03
4.174248272056108738e-03
4.596449266426889946e-03
5.152593662250851830e-03
5.785078047970103506e-03
6.381692620760804312e-03
6.893943043977383833e-03
7.311056654581645636e-03
7.615384763433829390e-03
7.779890485536401258e-03
7.778590517584618551e-03
7.619250906709373536e-03
7.316292312364759340e-03
6.851338315841335944e-03
6.329628924758550455e-03
5.813395807930843602e-03
5.381175910904747658e-03
5.081397412836293447e-03
4.899361400966384741e-03
4.826354482857453387e-03
4.859462492454931157e-03
4.965876458529746434e-03
5.107589075142435729e-03
5.303416147349177164e-03
5.548431096478265850e-03
5.797727807332709281e-03
6.016265349992959768e-03
6.154906549035639787e-03
6.230129498137300555e-03
6.310610337480141406e-03
6.414843789740234080e-03
6.525976767454711065e-03
6.635283437643613690e-03
6.721204607612005569e-03
6.788787842653132287e-03
6.851166760943198757e-03
