2.020474053568884214e-04
2.060114868337105821e-04
2.141142274710851573e-04
2.251167480232744837e-04
2.357883020270045750e-04
2.521210305783267163e-04
2.718215064310443969e-04
2.952959981797867624e-04
3.190433680373194530e-04
3.432164780172098826e-04
3.740397315538511892e-04
4.028644968305208538e-04
4.336830425980127109e-04
4.723852535027443203e-04
5.081451889195181528e-04
5.344768892905528554e-04
5.714365962538809404e-04
6.312828361660275224e-04
6.664897836904679160e-04
6.933256262233966584e-04
7.875853130371001905e-04
8.350872235136063684e-04
8.816875531231454068e-04
9.372293189206985873e-04
1.015308930624207826e-03
1.096586198616641668e-03
1.115360525571142732e-03
1.202985045899174600e-03
1.288434412048098526e-03
1.345481578962780646e-03
1.388480253012921257e-03
1.513483179157455076e-03
1.598971707240995181e-03
1.724280239321129447e-03
1.910741781366016466e-03
1.953795533589733520e-03
1.997447370722775679e-03
2.166981589867937163e-03
2.175775089006036066e-03
2.327468216775352081e-03
2.449692527800680607e-03
2.492948158530022482e-03
2.646520521000815702e-03
2.698236880192838444e-03
2.840716418534353950e-03
2.954843441139136037e-03
3.099372288267783319e-03
3.138669000581539772e-03
3.247103260807693900e-03
3.450232947736085482e-03
3.524227365828922712e-03
3.609622970633961057e-03
3.768351274365484838e-03
3.904852200301637145e-03
4.028341483020385361e-03
4.130181199836580573e-03
4.272701276515498275e-03
4.438247790161254334e-03
4.726031781097312159e-03
4.795097920010208542e-03
4.834455286448665658e-03
4.942531399647185145e-03
5.087304896488081644e-03
5.321608921155556587e-03
5.355246133064362618e-03
5.682579750147812025e-03
6.058388156336987247e-03
6.055634103227481961e-03
6.145360557441123528e-03
6.326801549927775145e-03
6.544780570869750819e-03
6.711670229582192976e-03
6.884693046699475773e-03
7.184870101248898473e-03
7.279759977853833726e-03
7.754622236144439150e-03
7.893008578300136913e-03
8.100354039779534415e-03
8.239065791011227283e-03
8.575995129212794429e-03
8.693670545619383572e-03
8.903071855205521232e-03
9.125639048626793190e-03
9.443600704072675073e-03
9.469213672794161291e-03
9.816474696639748004e-03
1.008551399339384716e-02
1.049523784387416080e-02
1.055077376874751470e-02
1.081520829851054244e-02
1.079286469022205930e-02
1.101816098245831169e-02
1.163897340828199019e-02
1.140697908800507483e-02
1.157078757470801807e-02
1.203883115572108864e-02
1.211330368630485904e-02
1.267976833031623715e-02
1.293792972099073318e-02
1.322996430408773794e-02
