1.333420590430289820e-03
1.878682537316378465e-03
4.262243189316339276e-03
8.197222711641916071e-03
1.325818312773463514e-02
1.893604798701709058e-02
2.469491755263186761e-02
3.002340963298411047e-02
3.447783974933305018e-02
3.771684487103343919e-02
3.952114754772195759e-02
3.980097437251328696e-02
3.860384009163142505e-02
3.610013187451821537e-02
3.257664671966120640e-02
2.841016768965609618e-02
2.403311212769587701e-02
1.987872663570100507e-02
1.632108277959543052e-02
1.362381086432296051e-02
1.191326278818194417e-02
1.118435962611763479e-02
1.133813535763428249e-02
1.223537005745345407e-02
1.374491219937779007e-02
1.576741303709949804e-02
1.822383798720161874e-02
2.101162612242279959e-02
2.395212566655779973e-02
2.675900617124238323e-02
2.905751955275548415e-02
3.043086120063376310e-02
3.061524648999613962e-02
2.954807204367670970e-02
2.746568957413653145e-02
2.486717601492816065e-02
2.238514989838835678e-02
2.059475815701627965e-02
1.983984744272282441e-02
2.015417267704600057e-02
2.127026767480455494e-02
2.275091973796528055e-02
2.414906680097583802e-02
2.514165187146033542e-02
2.559755009127917535e-02
2.555956034713136038e-02
2.517010284033538436e-02
2.458181335287001890e-02
2.389274729864898639e-02
2.312804059161421844e-02
2.225922474055086475e-02
2.124954245560428667e-02
2.008368960597795017e-02
1.879317347798481475e-02
1.746956341774186239e-02
1.626275666145216015e-02
1.537365818730529465e-02
1.504001707704816226e-02
1.549916994260713832e-02
1.693132725958912399e-02
1.939403482843493620e-02
2.275519221272115367e-02
2.666212156319780480e-02
3.057480219267738608e-02
3.386199537889933442e-02
3.594782447793321012e-02
3.646749528217241298e-02
3.537622198141854302e-02
3.295992486405130428e-02
2.972889598829497881e-02
2.622832748598713515e-02
2.286748269800276123e-02
1.982311311398121667e-02
1.705862275612357593e-02
1.444862449026440565e-02
1.193998227209325247e-02
9.669685145353379419e-03
7.986841537241606837e-03
7.340221545004688153e-03
8.115783296678724668e-03
1.049493621576369495e-02
1.436617857957345201e-02
1.933310346367378418e-02
2.481288955890448289e-02
3.015747891286124638e-02
3.476934882909932245e-02
3.818279594528428689e-02
4.010894949876575577e-02
4.044909710224897648e-02
3.927516028598765363e-02
3.679213503172540367e-02
3.327982208519464358e-02
2.904769893776515399e-02
2.441351638697097926e-02
1.968754916399728661e-02
1.519560228495664411e-02
1.127225535788245470e-02
8.242669189254980822e-03
6.391761915123028714e-03
5.916989732297261995e-03
6.890887164011205712e-03
9.232802317199029218e-03
1.270008261466681887e-02
1.693495759952146074e-02
2.151694705769280347e-02
2.599564714476942928e-02
2.998267275049371072e-02
3.318921156892995494e-02
3.542632693928948751e-02
3.658254300015750804e-02
3.660749075839309086e-02
3.551950730417374746e-02
3.341356713736676198e-02
3.046959572239049674e-02
2.694016646811225879e-02
2.312621290479544012e-02
1.935297424229032170e-02
1.596013226444359390e-02
1.328217345481741418e-02
1.161978429027343829e-02
1.119537503670353651e-02
1.209182838945488392e-02
1.419833303840123406e-02
1.719039662841959082e-02
2.057093011820632089e-02
2.377016924744068671e-02
2.629241377503255261e-02
2.785038957744634391e-02
2.841778978502296216e-02
2.817659896754853843e-02
2.741365144923901820e-02
2.640461569047025669e-02
2.531688481953531245e-02
2.418407231211028297e-02
2.296390045750218434e-02
2.163232853274610346e-02
2.027944177177798402e-02
1.913744935388594914e-02
1.852282474729283201e-02
1.873026349896833587e-02
1.991089696165870837e-02
2.198344410750552314e-02
2.462294546817034302e-02
2.733645022103858846e-02
2.959262934311979176e-02
3.094535151716559795e-02
3.113330729340146874e-02
3.010624233390302162e-02
2.799908790611838061e-02
2.507976056223493178e-02
2.168873269723670116e-02
1.820530355413552126e-02
1.502123251607945242e-02
1.250220067423646331e-02
1.095757610024938877e-02
1.059443158129946827e-02
1.146349698571891285e-02
1.345763740383387752e-02
1.634559077635677760e-02
1.981954296589671927e-02
2.356254460734452660e-02
2.730546475530970518e-02
3.084429899937191077e-02
3.400452744148174666e-02
3.661465621601833753e-02
3.842127168145470506e-02
3.908455645973640813e-02
3.828929083484944318e-02
3.585123560036951318e-02
3.182256674636529947e-02
2.655218704003547980e-02
2.064195790001155384e-02
1.481211405489424315e-02
9.759346207418473362e-03
6.019965226529699898e-03
3.914326365841103161e-03
3.557568779186892627e-03
4.905936550127276696e-03
7.793968825009489620e-03
1.195427235820678558e-02
1.704317635059715563e-02
2.263319445663891649e-02
2.822401407507979521e-02
3.329295220028372082e-02
3.736519566423024408e-02
4.008557576869054007e-02
4.125311432345113438e-02
4.083029519446390587e-02
3.893073442173833332e-02
3.578009058516384844e-02
3.168852976659708442e-02
2.701380431467959031e-02
2.214271906991449601e-02
1.747160197039587803e-02
1.339041948895092204e-02
1.024745693692086235e-02
8.303678267745029373e-03
7.690707343450342570e-03
8.392486519933739508e-03
1.026113631012903760e-02
1.305618396798702285e-02
1.648511419859455263e-02
2.025443338576948804e-02
2.407214412055258546e-02
2.764969524726068606e-02
3.071170540226320078e-02
3.300409119757430343e-02
3.433665496508886417e-02
3.460410728511453815e-02
3.379211934115122773e-02
3.199885642655153628e-02
2.949641786922529985e-02
2.663121666152901135e-02
2.379410960119432428e-02
2.137711393895047607e-02
1.968213617696090711e-02
1.882739571056757377e-02
1.869394662111223404e-02
1.900667694163193921e-02
1.944735492685989442e-02
1.978842936122116036e-02
1.999444423367047197e-02
2.020720321342406312e-02
2.065708000226973429e-02
2.151577149522287957e-02
2.276064453702963952e-02
2.414121558837267756e-02
2.525850509895344320e-02
2.571481506587081078e-02
2.528786675756722335e-02
2.402778169415753506e-02
2.227808671502229387e-02
2.058749678477866940e-02
1.950551623975627091e-02
1.942569547211125958e-02
2.047607481508839644e-02
2.248518181427283658e-02
2.503967642521132131e-02
2.761397234838114390e-02
2.973539618198473011e-02
3.107200211811922408e-02
3.148522057873281987e-02
3.102352374564942838e-02
2.986646021021144293e-02
2.824233406922083134e-02
2.635632079198868549e-02
2.435348332125231163e-02
2.229976991896231997e-02
2.022058741347987354e-02
1.810705952602442714e-02
1.597562357830595303e-02
1.396777394613046841e-02
1.233475836243447255e-02
1.139491289881289227e-02
1.146832766572714046e-02
1.278793673346612092e-02
1.542538801727466602e-02
1.927007249163581459e-02
2.396235586134276563e-02
2.896221944751720123e-02
3.363934680537594701e-02
3.739069837855690803e-02
3.976234353341068228e-02
4.054380463817686131e-02
3.978057507509458190e-02
3.771408845637413965e-02
3.465871072895421179e-02
3.092076405190091748e-02
2.675219193451960908e-02
2.233308590588778397e-02
1.783685465345441479e-02
1.349246033286422009e-02
9.618323642667014894e-03
6.598288716603506465e-03
4.843156957678562691e-03
4.672596508414228467e-03
6.264918117450668511e-03
9.548617496113909198e-03
1.425647925459272436e-02
1.992690949732034422e-02
2.596845940664671559e-02
3.177703140111554081e-02
3.680848014281823399e-02
4.064013326776649837e-02
4.296287698519729581e-02
4.358562055362147358e-02
4.244355684121736694e-02
3.962285459091730022e-02
3.540984824128490249e-02
3.025541245926133271e-02
2.469419528498184579e-02
1.929313759651640758e-02
1.455392599146665411e-02
1.084780812726682253e-02
8.384944742368061199e-03
7.243997114748768062e-03
7.439272913613570459e-03
8.939935054195102815e-03
1.159635050676099954e-02
1.522952550587808318e-02
