1.000000000000037303e+00
1.000000000000029976e+00
1.000000000000016209e+00
9.999999999999862332e-01
9.999999999999981126e-01
9.999999999999679146e-01
9.999999999999751310e-01
9.999999999998936406e-01
9.999999999999190647e-01
9.999999999998572253e-01
9.999999999998856470e-01
9.999999999998800959e-01
9.999999999999020783e-01
9.999999999998556710e-01
9.999999999998385736e-01
9.999999999997900568e-01
9.999999999997979394e-01
9.999999999997422062e-01
9.999999999997282174e-01
9.999999999997501998e-01
9.999999999996770361e-01
9.999999999997127853e-01
9.999999999996789235e-01
9.999999999996381783e-01
9.999999999996143085e-01
9.999999999996127542e-01
9.999999999995927702e-01
9.999999999995804467e-01
9.999999999995733413e-01
9.999999999995459188e-01
9.999999999995268229e-01
9.999999999994826361e-01
9.999999999994744204e-01
9.999999999993964828e-01
9.999999999994004796e-01
9.999999999994011457e-01
9.999999999993270938e-01
9.999999999993303135e-01
9.999999999993323119e-01
9.999999999993121058e-01
9.999999999992542632e-01
9.999999999992792432e-01
9.999999999992588151e-01
9.999999999992077448e-01
9.999999999992346122e-01
9.999999999992008615e-01
9.999999999991402433e-01
9.999999999991824318e-01
9.999999999991378008e-01
9.999999999991040500e-01
9.999999999991044941e-01
9.999999999990885069e-01
9.999999999991087130e-01
9.999999999990337729e-01
9.999999999990409894e-01
9.999999999989965804e-01
9.999999999989823696e-01
9.999999999989330757e-01
9.999999999989180877e-01
9.999999999988766763e-01
9.999999999988702371e-01
9.999999999988562482e-01
9.999999999987851940e-01
9.999999999987749799e-01
9.999999999987827515e-01
9.999999999987621013e-01
9.999999999987336796e-01
9.999999999986857180e-01
9.999999999986736166e-01
9.999999999986834975e-01
9.999999999986406429e-01
9.999999999986171062e-01
9.999999999985694776e-01
9.999999999985761390e-01
9.999999999985738075e-01
9.999999999985544896e-01
9.999999999985860200e-01
9.999999999985080823e-01
9.999999999985349497e-01
9.999999999985352828e-01
9.999999999984833243e-01
9.999999999984710009e-01
9.999999999984550136e-01
9.999999999984257038e-01
9.999999999984117149e-01
9.999999999983583132e-01
9.999999999983546495e-01
9.999999999983655297e-01
9.999999999983111287e-01
9.999999999983146814e-01
9.999999999982673859e-01
9.999999999982677190e-01
9.999999999982669419e-01
9.999999999982273069e-01
9.999999999981896703e-01
9.999999999981556975e-01
9.999999999981625809e-01
9.999999999981321608e-01
9.999999999981241672e-01
9.999999999980282439e-01
