1.355221480754335145e-04
2.913585985790967956e-04
6.107699612373159196e-04
1.142477889045532971e-03
1.810709393819512564e-03
2.464918200517173582e-03
3.031622254616830534e-03
3.737552869798049446e-03
4.659781184092414048e-03
6.780577372090802052e-03
9.639642356347902924e-03
1.379938444701046818e-02
1.861875099042007917e-02
2.476762862385394059e-02
3.126716711002446719e-02
3.887852534579056690e-02
4.476161771099547437e-02
4.910564135998365248e-02
5.246353963502488338e-02
5.550478190680096374e-02
5.397421330993854016e-02
5.161611575734589841e-02
4.885901872525630352e-02
5.152293660959496313e-02
6.024535060459028368e-02
6.829127687638118782e-02
7.737451084565186155e-02
8.507248375029217990e-02
9.118224079652743896e-02
9.130949734383553285e-02
7.322175969664086737e-02
6.814135005065832806e-02
5.775543579567708058e-02
6.304070581501813875e-02
5.639742622076066025e-02
5.064642657905473605e-02
4.779774040365753623e-02
4.133974200741840493e-02
3.874788124215455126e-02
1.774119449217405678e-02
1.286070601643077857e-03
2.624971118085453470e-02
6.292164210578463091e-02
1.180569137109557104e-01
1.859662636166533600e-01
2.698049015563087072e-01
3.615663209449931914e-01
4.277134528359617383e-01
5.120676031132238570e-01
6.126011245630919033e-01
7.180216409679190948e-01
8.408857730377592432e-01
9.255973646200090776e-01
1.088609594573076267e+00
1.199212808756973336e+00
1.306318708386498884e+00
1.455693307568189709e+00
1.517033889240505085e+00
1.615567464830181210e+00
1.723985487768128211e+00
1.864893045867518362e+00
2.106949943971538008e+00
2.353904345952072763e+00
2.644697637387614986e+00
2.944773639037391977e+00
3.016642973343968137e+00
2.728504577794111707e+00
2.310713114033065008e+00
2.054249721484758151e+00
1.836732760938073916e+00
1.593212075702346242e+00
1.314322530445217740e+00
1.107859127728501702e+00
8.470848965565982436e-01
2.430677562859354102e-01
1.994743631155362906e-01
6.609980693013567388e-01
1.070659432187220927e+00
1.156627449590920342e+00
1.607471288229176842e+00
1.738989152580764808e+00
1.820520661422027286e+00
2.446542405768941109e+00
3.092302718133292050e+00
2.689438489675711974e+00
2.646035468928343182e+00
2.367553470679555794e+00
1.902342507207942734e+00
1.033313818566259590e+00
5.525299068163520566e-01
1.640926682977852241e-02
9.143877195945004921e-02
2.395268026415927828e-02
1.962463572930798691e-02
1.517891178926687179e-01
2.931923820096524302e+00
2.875792087996571489e+00
2.972639694423200307e+00
3.102749812059637069e+00
2.865609886038920084e+00
