1.976199927097408598e-04
3.932457979794171457e-03
1.240871424645777210e-02
1.902972548172779388e-02
1.928373378506557934e-02
1.380580912585734586e-02
7.025206299958583998e-03
3.538963247770776123e-03
5.028276338569359974e-03
9.801534595341549264e-03
1.441185680864865044e-02
1.601626603822053560e-02
1.412611894875667740e-02
1.060967986980469215e-02
7.970306613731485690e-03
7.485870016158035350e-03
8.698616029375284484e-03
1.046665842861614626e-02
1.190842027035466689e-02
1.257971756864085557e-02
1.241856706081144110e-02
1.148370627516577362e-02
1.012449469931984286e-02
9.202298075395911117e-03
9.235791391805926384e-03
9.977112059675666972e-03
1.111275024513709922e-02
1.207889870530889052e-02
1.222095113537010821e-02
1.160643190274068294e-02
1.074625009558274197e-02
1.011081175742364197e-02
1.001015383955903768e-02
1.037463243066436870e-02
1.089491469098971196e-02
1.142634178479044922e-02
1.184150028010129592e-02
1.191846088667410444e-02
1.157493823477032981e-02
1.108907018185373641e-02
1.077071410008259393e-02
1.068963278905434716e-02
1.095539490144537692e-02
1.158462460000525378e-02
1.217508848004839744e-02
1.237292673705774233e-02
1.225285340354478024e-02
1.205506879762059148e-02
1.190068992486203493e-02
1.176815356481465853e-02
1.185511223324284616e-02
1.221256462912786653e-02
1.248450981327465202e-02
1.275115041445262429e-02
1.324189190498699376e-02
1.338797409776810304e-02
1.309523108233365957e-02
1.286577129858917402e-02
1.272544111801806287e-02
1.275039127077566385e-02
1.329401850569956849e-02
1.403166603476510045e-02
1.433484580469720701e-02
1.414339988807316456e-02
1.383116920223263768e-02
1.373448004191152663e-02
1.383647065736264350e-02
1.418056762124393633e-02
1.451231991004918453e-02
1.450505742458945216e-02
1.437250752625076310e-02
1.435364614521843392e-02
1.464335123698241869e-02
1.507738825349040114e-02
1.516847241252123994e-02
1.498568162031559993e-02
1.487749637528603536e-02
1.482497847729056552e-02
1.485631347429890864e-02
1.497741970437087809e-02
1.525924454121616557e-02
1.573506186068250601e-02
1.621006941268917506e-02
1.647100538032661779e-02
1.603379327237891908e-02
1.487022696946263892e-02
1.414503071701900955e-02
1.476075662469644549e-02
1.622226385974179924e-02
1.769585845043375461e-02
1.834381890297930029e-02
1.747418010954308182e-02
1.557958117379945780e-02
1.402676701155593231e-02
1.364365084836692381e-02
1.509707775368365756e-02
1.825431609956857174e-02
2.066491469112978485e-02
2.011452423139462736e-02
1.699780654899266455e-02
