2.010907980092491360e-04
1.933676279126030290e-03
4.853052438645310239e-03
2.934683144559273316e-02
3.241155289262616368e-02
5.553129164208948920e-02
1.785645275557211920e-01
1.996240171743470793e-01
2.536229728029004149e-01
4.354429811648644066e-01
4.026411851517117113e-01
4.271032802130156902e-01
6.978819831691229769e-01
1.113590386352383055e+00
1.303006472839243868e+00
1.582889277832909558e+00
1.497660612601019015e+00
1.652617203340719376e+00
1.412637303735535532e+00
3.047055600009868748e+00
