2.642811058120775325e-02
4.282708508295651750e-02
5.467554920411166197e-02
5.125625841906733537e-02
3.764621069192120029e-02
2.810568081041098232e-02
2.900512212122041689e-02
3.814796164995037930e-02
4.818385962036786374e-02
5.051424267814197400e-02
4.233203148476538669e-02
3.109701139112186485e-02
2.875396056526580146e-02
3.923255838652961458e-02
5.077389815419519614e-02
4.841933643471818538e-02
3.737004726384829389e-02
3.120531274902726970e-02
3.479593351610665852e-02
4.500684207856786578e-02
4.940273195597177924e-02
4.238488925901673365e-02
3.335085876217203094e-02
3.117055284911807167e-02
3.497906926462612809e-02
4.260535479847971096e-02
5.050002847962509200e-02
4.962568203565564939e-02
3.722660889782192228e-02
2.515612470614991825e-02
2.760227344712817832e-02
4.251763941247443945e-02
5.427212172583106842e-02
5.222241467366650625e-02
3.853551885743389249e-02
2.709962508266039460e-02
2.867493967944090283e-02
3.984601708808466203e-02
5.031071864049441178e-02
5.169668843730257368e-02
4.408089667397263600e-02
3.173305143349636204e-02
2.393954184280133735e-02
3.192229980044780646e-02
4.906136508119973705e-02
5.527703407822126547e-02
4.512828674132263185e-02
3.124940293354683263e-02
2.588440159227167747e-02
3.434110690794711651e-02
4.724258370786837968e-02
5.035704108244964949e-02
4.550936061733579230e-02
3.820870643092622032e-02
3.297127077563788422e-02
3.509942030381552058e-02
4.234568054023180039e-02
4.668000384546622250e-02
4.311634894961136055e-02
3.392237896778460549e-02
2.990969255429676288e-02
3.889586950626633399e-02
5.065119487726876812e-02
4.996122981033312982e-02
3.726978507584854938e-02
2.642610401863465519e-02
2.920716409989199125e-02
4.106709904387784160e-02
5.084961863799053461e-02
5.262451688154368146e-02
4.421992044482236928e-02
3.132747486725417918e-02
2.505998149982824330e-02
3.236966733034807309e-02
4.771980428819178055e-02
5.652997463064146633e-02
4.942563641797204088e-02
3.159018767465371358e-02
2.135209047303776586e-02
2.994983047940091847e-02
4.676602470411239665e-02
5.361386805748469264e-02
4.815803909715243858e-02
3.787997740340820485e-02
2.825425686890747912e-02
2.886680617329795417e-02
4.010046018178603511e-02
5.037833527277701950e-02
5.068807421306709138e-02
4.114727973611442824e-02
3.095809192274456834e-02
3.086761181436470380e-02
4.112161071686648572e-02
4.912565670015944796e-02
4.485727973028608151e-02
3.476534081327664616e-02
3.218000477595883702e-02
3.853541286064698923e-02
4.448102283538224455e-02
4.562951672427528749e-02
