2.020486421043289095e-04
3.737639618862466438e-04
7.872321512506853846e-04
1.388480521022094271e-03
2.449977329709951499e-03
3.524226960340754496e-03
4.833660860516203472e-03
6.544724946041177716e-03
8.693630990439561029e-03
1.079243070936158205e-02
1.346650961867283842e-02
1.636380406189725731e-02
1.952254794971694171e-02
2.365157635578862133e-02
2.770014238224574946e-02
3.083258993359839703e-02
3.384762939582461327e-02
3.742001667009764443e-02
3.625755178832214265e-02
3.909233089959738422e-02
4.165240041918996661e-02
4.406740833046782213e-02
4.585314795116603170e-02
4.796073371814973951e-02
5.323522612130188181e-02
6.070995619639165536e-02
6.946018077544309499e-02
7.936705314598739569e-02
9.606867229143849218e-02
1.211191261068122471e-01
1.499558173896455571e-01
1.688016275740649164e-01
1.856007058743863181e-01
2.075650458048700076e-01
2.216330777128532603e-01
2.459623128348622234e-01
2.580073078153023447e-01
2.780563859093647672e-01
2.751024225218103303e-01
2.825092130244171162e-01
2.810323921877966313e-01
2.838654773651058116e-01
2.871528415322391337e-01
3.027718085717586161e-01
3.313742335863237298e-01
3.579212370320216663e-01
4.019507760065441082e-01
4.212346589672263941e-01
4.340086097775845975e-01
4.507918637674563356e-01
4.324320345854560377e-01
4.753884664090076706e-01
5.083943563974013813e-01
5.187855864714884246e-01
5.418454402069693421e-01
5.576329436928741945e-01
5.893676236700422510e-01
6.342143677182988659e-01
7.101840276422297649e-01
7.746129715673789606e-01
8.613559693641965609e-01
9.192877849700982207e-01
9.824984207663843838e-01
9.638448357115571019e-01
1.017120222148164554e+00
1.075745542173390801e+00
1.149617225481483596e+00
1.222047963875870336e+00
1.221781599190597589e+00
1.270390377167431417e+00
1.298104176320601821e+00
1.263315574908043359e+00
1.465909501203652487e+00
1.535080404424937761e+00
1.895166025618497230e+00
1.852611792236573685e+00
1.787549625108013407e+00
1.571136472270777018e+00
1.455927091009985075e+00
1.460949071788931741e+00
1.833909059136322739e+00
1.749700110466584357e+00
1.901642470872521029e+00
2.059540259375020277e+00
2.111004630356159151e+00
2.340892400775238968e+00
2.495668321163049264e+00
3.906415580337016191e+00
3.049152361022033020e+00
2.080718953705630536e+00
1.950107667740303752e+00
1.590121847279409195e+00
1.457719476312885343e+00
1.382403817014886904e+00
1.623922055740969483e+00
2.298481128096124593e+00
5.235295195334386698e+00
2.084393584498215102e+00
1.399706777348066700e+00
1.508987677168546870e+00
