2.024889914487004716e-04
5.960050646179483992e-04
1.884007410550291072e-03
3.932395187094392050e-03
6.538027507553617265e-03
9.451870902209670924e-03
1.240436901190088322e-02
1.513125439522693995e-02
1.739858365371995189e-02
1.902467744681608439e-02
1.989553490065086930e-02
1.997114404790409706e-02
1.928279683537326844e-02
1.792408827935957488e-02
1.603858609710908517e-02
1.380570266745535790e-02
1.142472546847159674e-02
9.097025306343740209e-03
7.008187140476149733e-03
5.312530315754535569e-03
4.122244607915831992e-03
3.501978349093169077e-03
3.467980356842495504e-03
3.990609546663905112e-03
4.999425657203452299e-03
6.390302466702823571e-03
8.035491978999701260e-03
9.794386013612304404e-03
1.152512215032208166e-02
1.309557331128772921e-02
1.439341250020871599e-02
1.533279790390072901e-02
1.586272599504740324e-02
1.596786134669515508e-02
1.566760317198954977e-02
1.501234324965910853e-02
1.407722475363012635e-02
1.295455442247223608e-02
1.174533658010211076e-02
1.055222279380303545e-02
9.469819774290285513e-03
8.573455849919413285e-03
7.913793491865390994e-03
7.516726573323183683e-03
7.380821840438439412e-03
7.482810031482989288e-03
7.786335055082607010e-03
8.242547295270534827e-03
8.793502331734438446e-03
9.388442460546408616e-03
9.987013410898809215e-03
1.054801177232934928e-02
1.106153823028681142e-02
1.151570846814544552e-02
1.190211080100000984e-02
1.221826901688481161e-02
1.245768637343316020e-02
1.261224823944387223e-02
1.267129361880258570e-02
1.262427211985818129e-02
1.246663679594602579e-02
1.220182384983656797e-02
1.184351516549890689e-02
1.141619144300291648e-02
1.095302699225182350e-02
1.049177937764467564e-02
1.006705965747131323e-02
9.704232965397624824e-03
9.418262555544820377e-03
9.214463999313065451e-03
9.093269653267666702e-03
9.058571308944819017e-03
9.114903460955533013e-03
9.268069942970457234e-03
9.519104383844146158e-03
9.859764155066957567e-03
1.026873096348408440e-02
1.071479619753574510e-02
1.115797528577443590e-02
1.155766915980812118e-02
1.188333367369390908e-02
1.211600619539266246e-02
1.224754601101990525e-02
1.227715017439811110e-02
1.221139752669117562e-02
1.206920048538787787e-02
1.185399503246056460e-02
1.157932982511470678e-02
1.126302377660176081e-02
1.092872380715083531e-02
1.060401092841480562e-02
1.031590751291563447e-02
1.008453837311373835e-02
9.922683154144476547e-03
9.829545374537175875e-03
9.795774218160139407e-03
9.813818958080557792e-03
9.881391084474012640e-03
1.000148848369830298e-02
1.017714741534604846e-02
1.040234672294644384e-02
1.066131268231689834e-02
1.092559674832438432e-02
1.115891434451160048e-02
1.133439516101677341e-02
1.144797583904182126e-02
1.151116500171568691e-02
1.154284794803487821e-02
1.156119975538391978e-02
1.157134562034878647e-02
1.156652454670592349e-02
1.153268625520536238e-02
1.145516610325978020e-02
1.132658890364440091e-02
1.115433942915004285e-02
1.095848565688083316e-02
1.076234944291302835e-02
1.059240624655505628e-02
1.046671559096464671e-02
1.038663645693144524e-02
1.034765985413411797e-02
1.034086852379498961e-02
1.035770170677492372e-02
1.039208035276135457e-02
1.043943803879151741e-02
1.050230565738951953e-02
1.059532335834707621e-02
1.072612128597768069e-02
1.089372589043130155e-02
1.109525289985568465e-02
1.131226235005955774e-02
1.151972118387511491e-02
1.169500639420494384e-02
1.181730766554092878e-02
1.186777108586608426e-02
1.183105271063416772e-02
1.170557860548257154e-02
1.149501460771292123e-02
1.121643895404306028e-02
1.089728604662728792e-02
1.056646554874241493e-02
1.025653215048232154e-02
1.000144637608333872e-02
9.833273305741936990e-03
9.780039856077036436e-03
9.869166184948640133e-03
1.011853849714933890e-02
1.052110111133613794e-02
1.103067318041670887e-02
1.159515059567179339e-02
1.214415534307346743e-02
1.260318628218298070e-02
1.291101309035902998e-02
1.302503413650016838e-02
1.292967706813963162e-02
1.263533601137707858e-02
1.216910630541072173e-02
1.156560768840966466e-02
1.087632893351454452e-02
1.016199474398934120e-02
9.494132409612393228e-03
8.952993622341098162e-03
8.603466394732136452e-03
8.490816617519495596e-03
8.643485329973518358e-03
9.062888307324148615e-03
9.721177867171075515e-03
1.056700927020292474e-02
1.152718785039653915e-02
1.250527632242830374e-02
1.339916913637526248e-02
1.412627469617767050e-02
1.462067673719981073e-02
1.483415984287443645e-02
1.475056011744596898e-02
1.438478114343946443e-02
1.377104479598057450e-02
1.295376199345690815e-02
1.197915327425169880e-02
1.090437677289132767e-02
9.796289301880213227e-03
8.721152020241611583e-03
7.771088535782670614e-03
7.044305716582847585e-03
6.632874950686537714e-03
6.612119229857272608e-03
7.023307126794694003e-03
7.863679487490626147e-03
9.076329108834230858e-03
1.056348768629196411e-02
1.220609923548053068e-02
1.386943161140790845e-02
1.542071413995094349e-02
1.673091000793087285e-02
1.767086068422867029e-02
1.812929066371355910e-02
1.803267249593190624e-02
1.735161410678883256e-02
1.611520408852529229e-02
1.441690493219722688e-02
1.240860545252579251e-02
1.028277803374007954e-02
8.233889793309521685e-03
6.440447863202090721e-03
5.067749600268551743e-03
4.247540649928356962e-03
4.059955350824040465e-03
4.515390428283253682e-03
5.581386917906249086e-03
7.184070192793520597e-03
9.183956713204412259e-03
1.141543119661226832e-02
1.369937680981372745e-02
1.585179870120034112e-02
1.769919931283879533e-02
1.909185749959980624e-02
1.991346767617026281e-02
2.009689541024894596e-02
1.962677122908046065e-02
1.852381223024442483e-02
1.685503843093130033e-02
1.475239547330945908e-02
1.239906876902872011e-02
1.000885728325818895e-02
7.796280968256965975e-03
5.947600874107388837e-03
4.612901959088362529e-03
3.889185478851050256e-03
3.814893536516122518e-03
4.374707400923766656e-03
5.505463026139591730e-03
7.133618011781004548e-03
9.173285604260719359e-03
1.146709110600742723e-02
1.382965624396885994e-02
1.607122070941819150e-02
1.799166529664542047e-02
1.939853952585826949e-02
2.014383711952252159e-02
2.016117765779785326e-02
1.948736413155104097e-02
1.823335720513450872e-02
1.655800863671659864e-02
1.463573479289815779e-02
1.263538666847339662e-02
1.070789668707966720e-02
9.000084636769557431e-03
7.616355216301929493e-03
6.622227877132546778e-03
6.056146939096898434e-03
5.947384778941951743e-03
6.315541412396436481e-03
7.142967118098210964e-03
8.376107122421750512e-03
9.920987901000672543e-03
1.163255020561522468e-02
1.334582024075291543e-02
1.490240910038053736e-02
1.617426270296529536e-02
1.707664671235756618e-02
1.758100011785438538e-02
1.769596326737648759e-02
1.744997684249224509e-02
1.689660993628332511e-02
1.611073097931108034e-02
1.516674711478718622e-02
1.412552551163736951e-02
1.303801041883885861e-02
1.195404303920554433e-02
1.095993170149346663e-02
1.015491044319813060e-02
9.596492333723451520e-03
9.320962553309195681e-03
9.333206380925402473e-03
9.610446153008437437e-03
1.010506515526432558e-02
1.075148660020211824e-02
1.146797260248166687e-02
1.218631185440114534e-02
1.287814965650509874e-02
1.348608024449805473e-02
1.399502207453930114e-02
1.440260881911278878e-02
1.471040918465926599e-02
1.491870091012607868e-02
1.502329471771917530e-02
1.501842401111904736e-02
1.491255255938564971e-02
1.472777173893029777e-02
1.447324187258745495e-02
1.416830023582152376e-02
1.384980389719695816e-02
1.353282105281380064e-02
1.322917809106560934e-02
1.294681849758900875e-02
1.269577402508943395e-02
1.246114803521392381e-02
1.222515131979589643e-02
1.197413699199376645e-02
1.171666388762016529e-02
