9.997453225234653740e-01
9.997680549872024480e-01
9.997961593603431618e-01
9.998592555343155386e-01
9.998825683945731235e-01
9.999082229222946427e-01
9.998921727680558647e-01
9.999015854551355220e-01
9.999104317512104156e-01
9.999069632167514321e-01
9.998917465431187424e-01
9.998964821523137481e-01
9.999065510499640652e-01
9.999038358475764721e-01
9.998951915020248826e-01
9.998984725244358662e-01
9.999000832944457962e-01
9.998903348652564693e-01
9.998882238180455406e-01
9.998874605386357528e-01
9.998887601238988232e-01
9.998772348457247716e-01
9.998821981784342672e-01
9.998831421370648620e-01
9.998819832135587005e-01
9.998760369112387192e-01
9.998808005541536259e-01
9.998789660095896981e-01
9.998761215688745096e-01
9.998779004937508041e-01
9.998788326582106478e-01
9.998748004431018410e-01
9.998721753492679776e-01
9.998725332123785670e-01
9.998715121233026082e-01
9.998704729277850811e-01
9.998721263529032344e-01
9.998649201262497233e-01
9.998669787265613840e-01
9.998652495620876657e-01
9.998628501931433599e-01
9.998654273873350817e-01
9.998638112664699484e-01
9.998550705998661137e-01
9.998590865418242046e-01
9.998588012056093266e-01
9.998527429463160976e-01
9.998609490469060335e-01
9.998485203414174682e-01
9.998532832604994924e-01
9.998589761059885062e-01
9.998517648915976608e-01
9.998419137177274596e-01
9.998548675769973748e-01
9.998495444662174325e-01
9.998451546027758985e-01
9.998504060442655605e-01
9.998474557950860486e-01
9.998334676626992046e-01
9.998095883427700059e-01
9.998447226095182883e-01
9.998463297034606567e-01
9.998493920525756140e-01
9.998291413246557235e-01
9.998399559718795793e-01
9.998483585274496876e-01
9.998449980968648898e-01
