1.976200102935970516e-04
3.931008880317261520e-03
1.240427597623525342e-02
1.902379275458861846e-02
1.927903848988236565e-02
1.380215227412351017e-02
7.020011019078647996e-03
3.531924279194149658e-03
5.021743150413509292e-03
9.809103300659054517e-03
1.446344511499064039e-02
1.611309840806129587e-02
1.419168295806837177e-02
1.058633818137656897e-02
7.890998587894567859e-03
7.422298122916367105e-03
8.749724092879253290e-03
1.064369415652621428e-02
1.212905746463074572e-02
1.276815700070175509e-02
1.247763413959577378e-02
1.143166337186718798e-02
1.013115312665422742e-02
9.218135344248678739e-03
9.139186129553304380e-03
9.908106316272771719e-03
1.109390956838323013e-02
1.203068402785991906e-02
1.220358372838607763e-02
1.159185194748301936e-02
1.065811880716947650e-02
9.984768117021782657e-03
9.845329267005946752e-03
1.014318558364379723e-02
1.065917053904130891e-02
1.118392983301976819e-02
1.155318081485530966e-02
1.162051354250790910e-02
1.132631708546997379e-02
1.078247140352486984e-02
1.027055506874336756e-02
1.006876681076052105e-02
1.029704436150432126e-02
1.084898998029629018e-02
1.139899170503985704e-02
1.160218434417980247e-02
1.139637579846427932e-02
1.099710522730450689e-02
1.061232749996973528e-02
1.038950134670265160e-02
1.043360157630692647e-02
1.068902433698559924e-02
1.099031851625040072e-02
1.126596187581291320e-02
1.144457906924216915e-02
1.135821045626295156e-02
1.098502923769160630e-02
1.058550866807463596e-02
1.041542077470273935e-02
1.053368774557401563e-02
1.091265317488315616e-02
1.134191059117991424e-02
1.146326310219575838e-02
1.118664175301440494e-02
1.084197826458259406e-02
1.072618933894980281e-02
1.086492429052593987e-02
1.107581353960648135e-02
1.110481401482561921e-02
1.088431256299386869e-02
1.067618366748685453e-02
1.083030559666064811e-02
1.130798543176274838e-02
1.163764481691140565e-02
1.145116169119290636e-02
1.088985110214541439e-02
1.050406210076499681e-02
1.060558534360604190e-02
1.093538025854494389e-02
1.110068961596877117e-02
1.112196167456181405e-02
1.129568344469067051e-02
1.168201124680120530e-02
1.186712228670507366e-02
1.134395892909832552e-02
1.026898405035234565e-02
9.518605435220388669e-03
9.893191042310067740e-03
1.131368869190504077e-02
1.281858765050433724e-02
1.331904469488710656e-02
1.238239817525070910e-02
1.044849621439478300e-02
8.587832539128386136e-03
8.073909058623523344e-03
9.729245533595146447e-03
1.292709881858314022e-02
1.545916205264484013e-02
1.501784345308988973e-02
1.137808271231811712e-02
