2.009897148717793632e-04
1.932694146184049666e-03
4.845819847320599442e-03
2.930356041732203043e-02
3.231021622319221742e-02
5.431740675243888067e-02
1.768030726000969777e-01
2.003282156768281808e-01
2.557900159335728674e-01
4.304761819519157817e-01
4.023726305888853383e-01
4.241894565757511337e-01
7.093563346122802038e-01
1.117912293028338500e+00
1.385220100544750865e+00
1.711863276884948881e+00
1.401206175737363280e+00
1.737090398282517878e+00
1.459787552076056372e+00
4.335419926602265051e+00
