-1.284134668114681155e+01
-1.282563515643329843e+01
-1.282194226379714053e+01
-1.281903027165741449e+01
-1.280193670445430776e+01
-1.282059929312367785e+01
-1.283108345992555854e+01
-1.283187151149412841e+01
-1.282662632652893819e+01
-1.282233569656074934e+01
-1.281640960157885623e+01
-1.281305855969779195e+01
-1.281707951478224849e+01
-1.282201006744564076e+01
-1.282836203388589169e+01
-1.282938914993278878e+01
-1.282391910527029033e+01
-1.282262294510289458e+01
-1.282061303054419099e+01
-1.281533046541285259e+01
-1.281470178996176834e+01
-1.282103202335106928e+01
-1.282608500702508358e+01
-1.282583765686444899e+01
-1.282704953845388118e+01
-1.282379119259274525e+01
-1.281649025556463073e+01
-1.281026948707833135e+01
-1.282126695945192729e+01
-1.282020762607911912e+01
-1.282543879891531091e+01
-1.283589264955156750e+01
-1.282883953792051024e+01
-1.281846161400066642e+01
-1.280604334414255518e+01
-1.281535024589981120e+01
-1.282182620158649478e+01
-1.282461504358426296e+01
-1.283215216820462778e+01
-1.282971609107940303e+01
-1.282423658663733157e+01
-1.280692693511561409e+01
-1.281160322909138749e+01
-1.282072625575550440e+01
-1.282669395564528436e+01
-1.282615763543200771e+01
-1.282732848682899451e+01
-1.282627265496479829e+01
-1.281453619310020464e+01
-1.281187693306785214e+01
-1.281690016533426046e+01
-1.282533636204541239e+01
-1.282133256544875444e+01
-1.282794326638939530e+01
-1.282657578171509627e+01
-1.282169112939223687e+01
-1.282068595822422630e+01
-1.281514018957834722e+01
-1.281595750408228263e+01
-1.281986156650004105e+01
-1.282339612743360213e+01
-1.283073764710932174e+01
-1.282224531919544219e+01
-1.282773542757698415e+01
-1.282252018941755445e+01
-1.280613934529170095e+01
-1.281180352329320016e+01
-1.282359671135705170e+01
-1.283595792141720970e+01
-1.282793903627024434e+01
-1.283002273449629449e+01
-1.282274385048519605e+01
-1.280904030258429671e+01
-1.280985314287180366e+01
-1.281886993601499114e+01
-1.283391652509773628e+01
-1.283478887754193210e+01
-1.282631990190257021e+01
-1.281776764160668947e+01
-1.281750844726737526e+01
-1.281001318347634133e+01
-1.281668786930696768e+01
-1.282974554952791202e+01
-1.282667736084576582e+01
-1.282819365926213528e+01
-1.282282881666499286e+01
-1.282282746958878938e+01
-1.280837949210173221e+01
-1.281555919117767317e+01
-1.282458028287966911e+01
-1.281437516048401370e+01
-1.282588393285250739e+01
-1.283163329729718782e+01
-1.281821451036805826e+01
-1.281209166437666092e+01
-1.281801365513966040e+01
-1.281663757961079142e+01
-1.280984059859106061e+01
-1.282187013097507666e+01
-1.282791602516746643e+01
