1.976203751253549547e-04
5.924765154426018870e-04
1.882243334815840875e-03
3.932472195434423209e-03
6.539824695764042371e-03
9.455166483718736165e-03
1.240888436393322754e-02
1.513666368479067367e-02
1.740450042068085457e-02
1.903062322833831005e-02
1.990094869353173368e-02
1.997545648693074480e-02
1.928559427491514933e-02
1.792535435348670964e-02
1.603891598657491632e-02
1.380644701572980582e-02
1.142787255033261493e-02
9.104702481986163762e-03
7.022176625011890966e-03
5.333436917796120780e-03
4.149377019311585417e-03
3.533272928066148299e-03
3.500554115232732983e-03
4.020762069854523849e-03
5.024695893069286087e-03
6.410227805626946343e-03
8.052271289630695897e-03
9.813749962496122817e-03
1.155475694471880428e-02
1.314487949300861998e-02
1.446974324308284571e-02
1.544001100142893164e-02
1.599753984199873968e-02
1.612053084308760070e-02
1.582386959880862157e-02
1.515718904290095335e-02
1.419903586246310835e-02
1.304867967154981108e-02
1.181338505282194216e-02
1.059737979586940042e-02
9.494355620181148953e-03
8.579779414814957608e-03
7.904289943494477097e-03
7.492421321967070169e-03
7.344044083913534200e-03
7.437372662866962095e-03
7.734542360743661138e-03
8.189078592684081309e-03
8.750925389591102110e-03
9.370390745333283949e-03
1.000306187798323011e-02
1.061305310038220852e-02
1.117448077856066785e-02
1.166825163015351892e-02
1.208295076937780828e-02
1.240428861774359008e-02
1.262149780004646372e-02
1.273139588598399055e-02
1.273497846746884932e-02
1.263639967441823088e-02
1.244356564820760236e-02
1.216999478706733140e-02
1.183192790498299209e-02
1.144512556895126675e-02
1.102980119128375153e-02
1.060967325862945294e-02
1.020740446743942723e-02
9.844485176402219262e-03
9.541642679145881378e-03
9.316495425109294279e-03
9.184278086469387786e-03
9.157018917062307445e-03
9.239632237630196129e-03
9.427453115134640238e-03
9.706801551750153523e-03
1.005611923865867494e-02
1.045139241665161804e-02
1.086556310268827104e-02
1.126848246590507301e-02
1.163128805552663195e-02
1.193095949749637709e-02
1.215118837401396069e-02
1.228378594331957889e-02
1.232760181599182499e-02
1.228522052151600520e-02
1.216544437328974555e-02
1.198392561119676625e-02
1.175692989399554876e-02
1.149540369374370784e-02
1.120837430375314081e-02
1.091306379706526164e-02
1.063234912442049922e-02
1.038768525543162444e-02
1.019928714642307464e-02
1.008231848256327910e-02
1.004323644603035554e-02
1.007801847350587969e-02
1.017361969924791137e-02
1.031022632491409782e-02
1.046792259923431424e-02
1.063315228519387881e-02
1.080128842562595032e-02
1.097438937406768414e-02
1.115501124689514262e-02
1.134302462024186497e-02
1.153173011861491695e-02
1.171090170734879338e-02
1.186786199763169118e-02
1.198890686910036689e-02
1.206222917433408606e-02
1.207852934808382496e-02
1.204007387720005574e-02
1.195553191563701254e-02
1.183406811953702578e-02
1.168689480516720870e-02
1.152336815360711052e-02
1.135117776911022738e-02
1.117616833743193851e-02
1.100148590179980332e-02
1.083225995433984706e-02
1.068132616224030593e-02
1.056409441996130488e-02
1.049443524579211570e-02
1.048614967711066284e-02
1.054230233225633521e-02
1.065906525517237163e-02
1.082436699727205333e-02
1.102117617586009964e-02
1.122951258037771863e-02
1.143886583740903393e-02
1.163913992915076995e-02
1.182056686665074359e-02
1.197833957524042404e-02
1.210676975522164377e-02
1.219656532187270853e-02
1.224149276082228677e-02
1.223727912301385279e-02
1.218444854391568036e-02
1.208867347525312275e-02
1.196897127863429805e-02
1.184198858112776691e-02
1.172015984168580174e-02
1.161214509226181878e-02
1.151609908299417763e-02
1.143834147101800355e-02
1.138685469552062728e-02
1.135953600890786917e-02
1.135593749734946020e-02
1.138183177434871213e-02
1.143808481563707118e-02
1.152123271449904084e-02
1.162587989198447629e-02
1.174405987433246867e-02
1.186820585078228116e-02
1.199158785590551980e-02
1.210500727391009348e-02
1.220814582371775210e-02
1.231133975663569434e-02
1.241541156615308221e-02
1.252433656220398005e-02
1.263971515548419425e-02
1.275276898894474840e-02
1.285704788567921912e-02
1.293405853210990476e-02
1.295889043104321917e-02
1.293120175103746813e-02
1.287182393762000519e-02
1.279231750999842467e-02
1.269507215633009119e-02
1.259170071470401553e-02
1.248093866844617213e-02
1.236211380293588888e-02
1.224812294995363850e-02
1.214659037965242806e-02
1.207124164849560262e-02
1.204490450152628789e-02
1.208130639153008959e-02
1.218654294786645706e-02
1.235781629292055303e-02
1.257124727548259747e-02
1.280916710193591782e-02
1.305438751293629997e-02
1.329538947270932428e-02
1.351878674094761541e-02
1.370741424012673904e-02
1.384603598703803597e-02
1.391717177020005553e-02
1.391163807469233960e-02
1.382121085961950276e-02
1.364884300829571212e-02
1.342725131630700432e-02
1.319683116672479804e-02
1.299373548800036512e-02
1.285535544328407845e-02
1.279162246086772842e-02
1.280258766876259460e-02
1.287942847462606073e-02
1.299696397970874495e-02
1.313034566587095026e-02
1.327784613534107629e-02
1.344371942763880612e-02
1.360950459560233278e-02
1.374758443726164722e-02
1.385011299352914386e-02
1.390781858539192652e-02
1.391597782061900976e-02
1.388318886231412926e-02
1.381426548119596420e-02
1.371872263968382938e-02
1.362165198469877589e-02
1.354944353624854859e-02
1.351531401879669733e-02
1.353542703288278595e-02
1.361848700046886830e-02
1.375838253637299592e-02
1.394469219781879071e-02
1.415902805943301118e-02
1.437527846219730475e-02
1.456497761401580326e-02
1.468978728160262592e-02
1.472515437947253050e-02
1.468226125658827520e-02
1.458572350074673410e-02
1.445919593142660012e-02
1.432503120136669438e-02
1.420062612427480143e-02
1.409783973438032828e-02
1.402984467117170987e-02
1.399405945177826724e-02
1.398272713495371869e-02
1.400483808378331745e-02
1.405806765829880657e-02
1.414255632777962866e-02
1.424752772502345215e-02
1.435247657897120201e-02
1.444881446629764192e-02
1.453895056493712847e-02
1.462041770271917292e-02
1.469546461518047263e-02
1.477203141750418891e-02
1.486274345260449846e-02
1.497924698407642960e-02
1.512356412971633222e-02
1.529797782497097601e-02
1.548957404936219563e-02
1.567241054441306444e-02
1.582449656342719418e-02
1.592931547508005460e-02
1.597723210049310782e-02
1.596204378262667048e-02
1.586487958145672839e-02
1.568253604444934737e-02
1.543626944839559915e-02
1.515218364424771383e-02
1.486218522244748749e-02
1.457974049879006903e-02
1.433819762740201099e-02
1.417658126926903822e-02
1.412419003901264902e-02
1.419992316291587321e-02
1.442654283973928558e-02
1.480964270764461611e-02
1.531681869852220823e-02
1.589987378754675884e-02
1.652148469278242465e-02
1.713293523449984854e-02
1.766114438701518047e-02
1.805843057507464794e-02
1.828951388710437984e-02
1.836511866273663265e-02
1.830244340335081266e-02
1.810489123370224301e-02
1.777845086033373947e-02
1.734262090651340557e-02
1.682443560726016793e-02
1.625908567627382117e-02
1.565786924912915268e-02
1.505800316119350855e-02
1.452413934313835989e-02
1.412263746649505998e-02
1.390639111202737234e-02
1.389491059143567291e-02
1.410782763434410489e-02
1.455201366842369219e-02
1.521888324865670362e-02
1.606797476106426592e-02
1.704490266999701339e-02
1.810344141305055693e-02
1.917505748503841451e-02
2.017344277406974209e-02
2.100840812393366813e-02
2.157291742126790299e-02
2.179138821809891921e-02
2.162482212915603497e-02
2.106662394788589784e-02
2.015259510176198657e-02
1.896323267930213885e-02
1.758222868188022425e-02
1.611744411678915287e-02
1.473115043901725325e-02
