5.427251262261022485e-04
3.390566813739463747e-04
1.698162231028407104e-02
3.047028687556472409e-02
3.981497727430566985e-02
4.943101792619285229e-02
7.456679612336630791e-02
9.769054270485372227e-02
1.174434483990997868e-01
1.414924819709126869e-01
1.758978007871447036e-01
2.083399605082873474e-01
2.541902541631758661e-01
2.874284235752799233e-01
3.373694041378900721e-01
3.885759507834160020e-01
4.479123869845096362e-01
5.114007342501509790e-01
5.645938575410338611e-01
6.513354553061189156e-01
7.335068022187433145e-01
8.060475981728839612e-01
9.059853300998640391e-01
1.005479536519446881e+00
1.089800436884686974e+00
1.192365419025464446e+00
1.293370659545867607e+00
1.404565662693865402e+00
1.505324815042837550e+00
1.608170177827468406e+00
1.708567168825054106e+00
1.816354471487618971e+00
1.903086364909130968e+00
2.019503410769852625e+00
2.099257550852903442e+00
2.217663393032822672e+00
2.339570330459781466e+00
2.463410488666537113e+00
2.605504223342984815e+00
2.762721295604352978e+00
2.925887353016606518e+00
3.095038480171613315e+00
-3.030727419641480402e+00
-2.865930202810534677e+00
-2.700692414598740765e+00
-2.538036085973045974e+00
-2.393337609782947517e+00
-2.249804567575998338e+00
-2.094956775424974271e+00
-1.955771548896372725e+00
-1.782475199954516087e+00
-1.584844241407683318e+00
-1.378773733845494176e+00
-1.162279225761917667e+00
-9.239233052181130557e-01
-7.394101999301349037e-01
-5.477168426358099973e-01
-3.535622021456393260e-01
-1.770418813544412384e-01
1.292719992069897746e-02
2.156178323419102594e-01
4.282791217621596536e-01
6.902973686064792780e-01
9.467910035765122467e-01
1.194616218881279224e+00
1.431740009390152224e+00
1.637067537881286450e+00
1.841075932922414671e+00
2.062402921764936448e+00
2.306291692128974002e+00
2.568405918866657700e+00
2.846911700169227455e+00
3.141418564722551210e+00
-2.872376569540695534e+00
-2.633010704443348171e+00
-2.408407432533827386e+00
-2.150226732617943171e+00
-1.885833950076635901e+00
-1.562800147119050242e+00
-1.239651024527371304e+00
-9.436795988182469230e-01
-6.728194353971695962e-01
-4.114386566363375519e-01
-1.641389502218673913e-01
1.520648289389794627e-01
4.809574818279888642e-01
8.305237647399571488e-01
1.148562353896383392e+00
1.436068421976150589e+00
1.710399161106382238e+00
2.005932561681664783e+00
2.362819077784803490e+00
2.730729613167681702e+00
3.087067605026522443e+00
-2.884078864289730593e+00
-2.582747596964119374e+00
-2.257548151511312273e+00
-1.907299543810197839e+00
-1.495616338066918294e+00
-1.138641825695253296e+00
