1.534367624954273701e-01
1.432844289150447814e-01
1.324630714283983046e-01
1.221228583665532330e-01
1.134265364285000910e-01
1.074082353320513494e-01
1.048385975224203071e-01
1.061140591986031723e-01
1.111933110478333653e-01
1.195944552068050060e-01
1.304481136646847839e-01
1.425910570967549029e-01
1.546889695927294861e-01
1.653870863524078416e-01
1.734860992896585241e-01
1.781184013039134317e-01
1.788798425301232342e-01
1.758736273567652608e-01
1.696525040943112073e-01
1.610883055221561388e-01
1.512164053022262422e-01
1.410928572057447150e-01
1.316797651954640935e-01
1.237594457826723948e-01
1.178798116282726571e-01
1.143343887499600475e-01
1.131758140168288573e-01
1.142533666146806626e-01
1.172587704865390990e-01
1.217682698017606979e-01
1.272816004387666844e-01
1.332697093098417218e-01
1.392269625896003227e-01
1.447217481750449064e-01
1.494339853122826911e-01
1.531678204717742409e-01
1.558381992641445501e-01
1.574366155346942353e-01
1.579907653476430029e-01
1.575371289197841085e-01
1.561194677077968329e-01
1.538148578548896861e-01
1.507786897757757982e-01
1.472822840258554145e-01
1.437138624094119743e-01
1.405255321330670659e-01
1.381300239131649787e-01
1.367744227229342746e-01
1.364407329401522428e-01
1.368223828758876603e-01
1.374029181363796148e-01
1.376184128733320966e-01
1.370462869485319368e-01
1.355491276109561660e-01
1.333211655069561630e-01
1.308303397277533753e-01
1.286891169874651020e-01
1.275045747288502396e-01
1.277513299621690912e-01
1.296889658950561852e-01
1.333244427299538071e-01
1.384102300470131386e-01
1.444762382482063234e-01
1.508885052491699685e-01
1.569291375108656794e-01
1.618900361896146167e-01
1.651676350141535465e-01
1.663427480654627866e-01
1.652327249956707655e-01
1.619107839192724940e-01
1.566923678109779505e-01
1.500906159673772722e-01
1.427501208007264655e-01
1.353654936825274824e-01
1.285995521779823569e-01
1.230136598090515454e-01
1.190209247059573761e-01
1.168624631499268762e-01
1.166050428909852776e-01
1.181572702911992678e-01
1.213059625102094197e-01
1.257705597503313566e-01
1.312528879167887963e-01
1.374714261109445390e-01
1.441442678679508704e-01
1.509385189967278329e-01
1.574187225761083386e-01
1.630331078420373947e-01
1.671683675606993047e-01
1.692539349412155447e-01
1.688864060713999304e-01
1.659301244081854421e-01
1.605808936560214617e-01
1.533578680578592257e-01
1.450139494014873742e-01
1.363996020329661940e-01
1.283236765667263857e-01
1.214642572833866119e-01
1.163485002645346933e-01
1.133774368322999493e-01
1.128464689878971861e-01
1.149127072359044099e-01
1.195127192458013132e-01
1.262768078910924130e-01
1.345044680967629747e-01
1.432371435185967323e-01
1.514171308179184106e-01
1.580810080588253008e-01
1.625303897547473175e-01
1.644411552403596266e-01
1.638874262959341133e-01
1.612717090587311164e-01
1.571955390585332291e-01
1.523316927515564467e-01
1.473022845560790772e-01
1.425989603238224657e-01
1.385539657221618315e-01
1.353444477004067670e-01
1.330213879592953008e-01
1.315526928101670157e-01
1.308726337453886002e-01
1.309183819292919493e-01
1.316492804274067563e-01
1.330399629883393109e-01
1.350499975906030992e-01
1.375809448246662070e-01
1.404451942405045006e-01
1.433494706588877010e-01
1.459138392368950488e-01
1.477517205259026856e-01
1.485436634897108199e-01
1.481274745870880816e-01
1.465628376200053262e-01
1.441497687293186170e-01
1.413848404565969386e-01
1.388627424959766321e-01
1.371410739840722703e-01
1.366114260852339113e-01
1.374252165357973121e-01
1.394829151038073922e-01
1.424792878932459317e-01
1.459715649116861691e-01
1.494611608709816020e-01
1.524504359079805749e-01
1.544651224155917379e-01
1.550803404261863472e-01
1.539629648282484498e-01
1.509432697956036851e-01
1.461027007371902275e-01
1.398427466918014117e-01
1.328877280044253872e-01
1.261966410629483670e-01
1.208010836799555676e-01
1.175871559908369113e-01
1.171013355723274918e-01
1.194566073133610518e-01
1.243356972947159411e-01
1.310861752515757317e-01
1.388642121681815667e-01
1.467832615104897043e-01
1.540352052467209854e-01
1.599744037420960385e-01
1.641474677199130650e-01
1.662999792365564833e-01
1.663580769618456801e-01
1.644056552896011603e-01
1.606714613219724086e-01
1.555167867804341242e-01
1.494105222206582040e-01
1.428782802105232896e-01
1.364545712796682020e-01
1.306531477168338951e-01
1.259153074661276683e-01
1.225818617879061989e-01
1.208741711197982571e-01
1.208798379406240686e-01
1.225477561568195650e-01
1.257015771771374801e-01
1.300424244749542879e-01
1.351715638726771473e-01
1.406198108122427293e-01
1.458905206607334915e-01
1.505098514686658007e-01
1.540717864297990181e-01
1.562796326609915409e-01
1.569687231144973882e-01
1.561267837942844627e-01
1.539159599977710791e-01
1.506752861510977093e-01
1.469151355762591260e-01
1.432543865621143109e-01
1.403093016255617664e-01
1.385444607256182126e-01
1.381363421957384485e-01
1.389123595300773006e-01
1.403837019029477995e-01
1.418807900458379789e-01
1.427461336303526007e-01
1.425180170736286556e-01
1.410530055786097803e-01
1.385495907080089850e-01
1.354617959236804614e-01
1.323652554438048412e-01
1.298213804155313733e-01
1.282813771494130117e-01
1.280466374223379056e-01
1.292597746199105613e-01
1.319118666030393294e-01
1.358539177245079443e-01
1.407910686036933923e-01
1.462881643774009977e-01
1.518032428126541156e-01
1.567375646593776040e-01
1.605154234423364912e-01
1.626776398104066157e-01
1.629641973010039768e-01
1.613480817044793403e-01
1.580118513454099594e-01
1.532939423152362979e-01
1.476094617287626587e-01
1.413870885046329962e-01
1.350406747306378552e-01
1.289639825075866719e-01
1.235368487062813436e-01
1.191314670440266621e-01
1.161037376899368700e-01
1.147700964381360711e-01
1.153823906632747143e-01
1.180949849257648676e-01
1.229220686582555011e-01
1.296966836227172459e-01
1.380485258005605953e-01
1.473964661457045633e-01
1.569662433149360270e-01
1.658522043733539064e-01
1.731035617721331521e-01
1.778418754548772851e-01
1.793946955399389198e-01
1.774170570824562532e-01
1.719838947412011265e-01
1.635888457854676181e-01
1.530669494361281968e-01
1.414795343859949206e-01
1.299729279380502645e-01
1.196481753748700472e-01
1.114551842075133248e-01
1.060950669495249743e-01
1.039667393096321835e-01
1.051345431670956954e-01
1.093408736060771380e-01
1.160581878185090732e-01
1.245652362489447773e-01
1.340385096398025722e-01
1.436490632767153386e-01
1.526440847259955547e-01
1.603792776447838797e-01
1.663608148109140261e-01
1.702520197337882291e-01
1.718652163454461590e-01
1.711611814162251610e-01
1.682517184270002630e-01
1.633961297904029664e-01
1.569953835862298863e-01
1.495564660817627622e-01
1.416494263323745395e-01
1.338740144184256131e-01
1.268013079248466735e-01
1.209483616577938792e-01
1.167673141881497845e-01
1.146309260657529805e-01
1.148006249076226615e-01
1.173654370182520834e-01
1.221682228168994300e-01
1.287612240880227077e-01
1.364146909580592482e-01
1.442002653357944419e-01
1.511349474295455853e-01
1.563624948012249938e-01
1.593240456463876908e-01
1.598745107528135589e-01
1.583011239018681238e-01
1.552472897389696183e-01
1.515571445346501900e-01
1.480766215013391562e-01
1.454619115954614017e-01
1.440498405759776945e-01
1.438086118163984795e-01
1.443807160114375376e-01
1.452153208271590445e-01
1.457260942742667487e-01
1.454500793719076812e-01
1.441459728771670168e-01
1.418155173109110212e-01
1.386771126925696596e-01
1.350909081547366775e-01
1.314776678436559987e-01
1.282584539072801899e-01
1.258201007175392405e-01
1.244918198996481928e-01
1.245258644808613369e-01
