1.976218166447775556e-04
3.932491411073262867e-03
1.240894906304552785e-02
1.903113897707299496e-02
1.928724967781535182e-02
1.381428989853036686e-02
7.045756228371041069e-03
3.574759936763944462e-03
5.079380021998705468e-03
9.880979412739606185e-03
1.451904523046294859e-02
1.615931052271898927e-02
1.430908750298260507e-02
1.086493886616394892e-02
8.271738673689235308e-03
7.828657288575111006e-03
9.091589237706651852e-03
1.091780148899759717e-02
1.247008329523429521e-02
1.318493224291418520e-02
1.303493911991038604e-02
1.217435108377682915e-02
1.093865744947323734e-02
1.014709935952401790e-02
1.030131079466400749e-02
1.112949858749297943e-02
1.230217618811894724e-02
1.326715073261680242e-02
1.345332120182713385e-02
1.294321472561846265e-02
1.218199432302515331e-02
1.159168175093882452e-02
1.159204917262476008e-02
1.216330644319630130e-02
1.276890155610939728e-02
1.337694568179316479e-02
1.395738101210513941e-02
1.425601434046164587e-02
1.408003630786222420e-02
1.385796999338613500e-02
1.387629932879041669e-02
1.406557159254465117e-02
1.448628233159375556e-02
1.532138553002918881e-02
1.636392576347183228e-02
1.694123139778098974e-02
1.724825962027893428e-02
1.745136644372437262e-02
1.748879224561740789e-02
1.759031162099099904e-02
1.807706552016927898e-02
1.882128937000344948e-02
1.960521849272551034e-02
2.012859521643768287e-02
2.060561787254942823e-02
2.062960082066231729e-02
2.055606096142958278e-02
2.046819497518653427e-02
2.050627858998159414e-02
2.098856022145608596e-02
2.156942039915206791e-02
2.228192515165956442e-02
2.265838621599389202e-02
2.280314996807621120e-02
2.285455036749549362e-02
2.309596397142244656e-02
2.350062407561517158e-02
2.406399909700121867e-02
2.434503648012644600e-02
2.429968304379149374e-02
2.427108095114797331e-02
2.490197231481281609e-02
2.580139614894315717e-02
2.646511763484908283e-02
2.654440310530595953e-02
2.623657827019498442e-02
2.602335251227301527e-02
2.630465156647868522e-02
2.711995124369741619e-02
2.797256288883450889e-02
2.862466506022227561e-02
2.914167137315133368e-02
2.974019494409900835e-02
3.011602650937247536e-02
3.005040878137405641e-02
2.941159366422426216e-02
2.927400941624868150e-02
3.014938192205119522e-02
3.171334565157332003e-02
3.316540236664347607e-02
3.378868472393057459e-02
3.318712768243290562e-02
3.171172065419156777e-02
3.068477125619960971e-02
3.044777147731673322e-02
3.214682522827442407e-02
3.553176855489873637e-02
3.818753269203665340e-02
3.801278572040388964e-02
3.530583382932784425e-02
