1.355221460537357910e-04
1.462357372314095582e-04
1.584194785820632230e-04
1.704994061439946921e-04
1.833877388372323321e-04
1.990876314606215575e-04
2.146301266135743307e-04
1.121101061880312305e-01
2.499810823358819046e-04
2.693490105082993621e-04
2.913585971738380195e-04
3.139001280262009551e-04
3.391762070465161689e-04
1.122803120035697211e-01
1.123198191732715651e-01
4.244139877514547968e-04
4.565939898079579107e-04
4.935660294796886255e-04
5.290051248604441762e-04
1.125233454108298947e-01
6.107699234277999848e-04
6.563268183368943867e-04
6.990856888260115354e-04
7.502191948194998281e-04
7.932668873404360912e-04
8.502664338141473861e-04
9.068541722171065845e-04
9.587173130785432229e-04
1.020494976729919429e-03
1.077699633939413872e-03
1.142477859194406626e-03
1.204404137051490664e-03
1.269056079269256484e-03
1.333652263055329096e-03
1.398986416398786178e-03
1.464461039733300001e-03
1.532469511292923210e-03
1.600499506013812467e-03
1.672969648117412231e-03
1.744381272478320215e-03
1.810709348612529876e-03
1.869491571969267990e-03
1.943178061960672103e-03
2.016135151282210346e-03
2.078577610994410737e-03
2.148867402149205047e-03
2.212493821282485867e-03
2.280242001919239540e-03
2.352394516336978655e-03
2.407790215937411545e-03
2.464918325465447532e-03
2.529448619122506414e-03
2.596027804973515245e-03
2.659974145628634431e-03
2.720877499690267480e-03
2.747834678371757853e-03
2.825791984250837757e-03
2.860502629579555166e-03
2.930068962008606538e-03
2.969237621709381030e-03
3.031622458941036092e-03
3.073439719595752202e-03
3.162337557577466277e-03
3.225902834149760659e-03
3.289988412123200350e-03
3.351020785146945416e-03
3.407077224054288252e-03
3.458387478250695389e-03
3.509929646784953026e-03
3.633798774200249632e-03
3.737552810576340746e-03
3.782330167947105855e-03
3.866602321580252678e-03
3.930851363101014496e-03
4.004132709990539975e-03
4.057855301366078762e-03
4.162798370896439969e-03
4.286943710704162712e-03
4.418201298405034262e-03
4.529426973334905321e-03
4.659781185230092541e-03
4.796969184565788753e-03
5.026641381225229431e-03
5.134802320213862313e-03
5.377196071969792858e-03
5.473824177186228761e-03
5.648486968768978538e-03
5.826300781336345852e-03
5.859448712723684498e-03
6.287803210367070780e-03
6.780576348132491549e-03
6.943194792640416599e-03
7.064611644292264660e-03
7.604346975375229911e-03
7.701975257839159539e-03
7.943093786278497201e-03
8.207907066551634392e-03
8.548394796521778180e-03
9.025079007564138639e-03
9.569990121779137562e-03
