4.442388018252896477e-06
3.555794264334408881e-06
2.116193560294000071e-05
8.461305960499748984e-05
2.600459802873247113e-04
5.872673070352103395e-04
8.510788420722047295e-04
4.622754622406161735e-04
4.827424503821746773e-04
1.134768948502945811e-04
2.230560181841624145e-03
2.748186038387690280e-03
7.213231534370645459e-04
2.481850446845606812e-03
1.518943752712227212e-03
5.439712396486700435e-03
2.658027379379319932e-03
3.907267299217599341e-03
3.078923637873329580e-03
6.480219184018462530e-03
