-4.129987830747770872e+00
-4.125803557616221973e+00
-4.163515657106280798e+00
-4.181994534334138258e+00
-4.204119583348367328e+00
-4.198055309670966295e+00
-4.202700506328279850e+00
-4.143552275538760377e+00
-4.142016269674265949e+00
-4.155872442884702700e+00
-4.149137157414868327e+00
-4.197374330463379266e+00
-4.212417079688595578e+00
-4.218194068602818980e+00
-4.151847852636533887e+00
-4.125197575514604864e+00
-4.142117376166069675e+00
-4.148903398081068339e+00
-4.203677627021274787e+00
-4.215182694016744946e+00
-4.216085889122697772e+00
-4.156123181898714769e+00
-4.130058421641623845e+00
-4.157993463738900886e+00
-4.143885965151461903e+00
-4.177247577495474928e+00
-4.200374797705971552e+00
-4.217581950812865799e+00
-4.170242128646569846e+00
-4.152014893848025245e+00
-4.156690879914537895e+00
-4.109951779369960256e+00
-4.165589096018693205e+00
-4.213421721496821704e+00
-4.225619244105826233e+00
-4.191652853542915835e+00
-4.153000311731998018e+00
-4.146070786228048810e+00
-4.119153406883418356e+00
-4.173428183944996483e+00
-4.205973295560886172e+00
-4.214694597642782981e+00
-4.189492482752175562e+00
-4.157740791273356606e+00
-4.164091299257144385e+00
-4.123456487118295932e+00
-4.157414812926960579e+00
-4.187017604618782585e+00
-4.204726897501118721e+00
-4.207584085360492665e+00
-4.180001951871544108e+00
-4.173933076421744381e+00
-4.116327262421772382e+00
-4.136551137742636719e+00
-4.182127404650283431e+00
-4.207146613870907714e+00
-4.218509120106030075e+00
-4.183863302638581416e+00
-4.167665712389062804e+00
-4.122647012205934658e+00
-4.149074677211703310e+00
-4.176374142967885561e+00
-4.193297271080360211e+00
-4.212478434757748857e+00
-4.176594269443587137e+00
-4.192244179037730056e+00
-4.151286599467546523e+00
-4.127600956485698802e+00
-4.154835990720258110e+00
-4.178842029460320795e+00
-4.204344235706757082e+00
-4.197945382865379216e+00
-4.207667815016983504e+00
-4.138762738308716216e+00
-4.115933280038722941e+00
-4.154750490710982014e+00
-4.171975931947921268e+00
-4.209731251972065103e+00
-4.200572283226872372e+00
-4.205230708948965557e+00
-4.153672556048880971e+00
-4.126500133430290873e+00
-4.156102319383481181e+00
-4.161498556130877269e+00
-4.191825246112836467e+00
-4.194001192590270044e+00
-4.221523645311482831e+00
-4.176930488190404134e+00
-4.122540003605719150e+00
-4.143686623133259417e+00
-4.140499781614221497e+00
-4.175081968981022129e+00
-4.207668388603933884e+00
-4.231478343974393042e+00
-4.169213007340518473e+00
-4.124256954935001218e+00
-4.152854739385295701e+00
-4.134958095978855219e+00
-4.185095345802454680e+00
-4.213928848853054632e+00
