1.205078612346375305e-09
8.624999682491887299e-10
5.721786593673289542e-10
3.586929840489277281e-10
2.271276836816455592e-10
1.694901120398426415e-10
1.722968903334630427e-10
2.243683517633821181e-10
3.227712396201243919e-10
4.765062591937565990e-10
7.077429370693333605e-10
1.051707485091647212e-09
1.553098913282588141e-09
2.262138019047283228e-09
3.227242570364697921e-09
4.494307231318875203e-09
6.116446302746749143e-09
8.180744324476474654e-09
1.085058953792195674e-08
1.441547127169325249e-08
1.933412310205832726e-08
2.632290568069180282e-08
3.647312803093405305e-08
5.131938095813969479e-08
7.273757830715899225e-08
1.029599953550773615e-07
1.445068394501964066e-07
1.991624099214605891e-07
2.673427457531435953e-07
3.477657243046516487e-07
4.357048756162292468e-07
5.230910291376987395e-07
5.928414383437140406e-07
6.262048016357933932e-07
5.931362428321261758e-07
4.547041058760748253e-07
1.751163614812944476e-07
2.942281080016875285e-07
9.897014583985747643e-07
1.935750600758835336e-06
3.115012968576205027e-06
4.513112182788690560e-06
6.076447212055803077e-06
7.709844800929525649e-06
9.279954801890702502e-06
1.060416057422708569e-05
1.147166592943801616e-05
1.166435021252866873e-05
1.097916476833594761e-05
9.217981148119499721e-06
6.162070522603007257e-06
1.732722435578995842e-06
4.003022488771783268e-06
1.087516530049738578e-05
1.845002118078445302e-05
2.646139877433145376e-05
3.457355673237786628e-05
4.190930426586584055e-05
4.719086355640063671e-05
4.950886261821309416e-05
4.816411009896958187e-05
4.247702428513424705e-05
3.160112859089292295e-05
1.489259948349254825e-05
7.526324444458370601e-06
3.440945480519583917e-05
6.450870674293904662e-05
9.612139689148136031e-05
1.271702571095624718e-04
1.546321684698270164e-04
1.737639063581203206e-04
1.806203701524799446e-04
1.723562336985910248e-04
1.463108265966521016e-04
1.006403243166035600e-04
3.491008366791285150e-05
4.815311416009500356e-05
1.434620100567000369e-04
2.448752980687002312e-04
3.440522325345319048e-04
4.297575616578499613e-04
4.887405845679764762e-04
5.063998543929895593e-04
4.705922973509969439e-04
3.792851948730240606e-04
2.367145056834377072e-04
4.968556927871503864e-05
1.730369955587058694e-04
4.086544117400462404e-04
6.212117706436183495e-04
7.869170122042369033e-04
8.921557088859648470e-04
9.222283492108915206e-04
8.621829259777156942e-04
7.031800496861493732e-04
4.563374698955394355e-04
1.274225240369347776e-04
2.695687512047623808e-04
7.051596658559845148e-04
1.115716781553832606e-03
1.432715551930590194e-03
1.620328926010333173e-03
1.656059242900978284e-03
1.508297592418101577e-03
1.180272549327939695e-03
7.325715671488295310e-04
1.862280548206970607e-04
4.178728197186917554e-04
1.043027128601301673e-03
1.648620492479782812e-03
2.155125562489731798e-03
2.495204450896451251e-03
2.637071093122386918e-03
2.584132708085569614e-03
2.336791792651336883e-03
1.903236831926336187e-03
1.313309263507709277e-03
6.301934304688403985e-04
1.191685166240988964e-04
8.718242707753862640e-04
1.542198679777887892e-03
2.089468924371623224e-03
2.492388855927561361e-03
2.706724892699763699e-03
2.713190902764259921e-03
2.511227193383525763e-03
2.111067462742849139e-03
1.543623382933938075e-03
8.572739258731709678e-04
7.330352309378795688e-05
7.793248287379183183e-04
1.644243410426779895e-03
2.447055372285306812e-03
3.129133061447109641e-03
3.633080970481592561e-03
3.874119373567345981e-03
3.800092665135874903e-03
3.414435391029088402e-03
2.731545944444829788e-03
1.778494295750349162e-03
6.033201816058799283e-04
6.917743492890242795e-04
2.001427365122025563e-03
3.227642631752984746e-03
4.265770931441631615e-03
4.968508464793558628e-03
5.183436799672431171e-03
4.887535910994265410e-03
4.143947887074176523e-03
3.020977541262871973e-03
1.628446304129773422e-03
1.168141316890888159e-05
1.707241304757935218e-03
3.357482899401359119e-03
4.748550466323085001e-03
5.742388706465052436e-03
6.279108670912998159e-03
6.348830022685123496e-03
5.938731148260857629e-03
5.060960750626987414e-03
3.769471496709890599e-03
2.156491026389693779e-03
3.549319168297022258e-04
1.510330346603029096e-03
3.309200329956238536e-03
4.837026264523908332e-03
5.961025483014098340e-03
6.601969195074938040e-03
6.688860970839688620e-03
6.196042680371965927e-03
5.149075457365764538e-03
3.651146195412494858e-03
1.831780829140104098e-03
1.519841928540559945e-04
2.096599509185640472e-03
3.815630561041405151e-03
5.186475271861079074e-03
6.132378489124387655e-03
6.583169753054494457e-03
6.462979286435593766e-03
5.762361850393797613e-03
4.526100190362454014e-03
2.858904620136690049e-03
8.824097178263009102e-04
1.265475681580790568e-03
3.375376917493340661e-03
5.271633077940093143e-03
6.778770743150342414e-03
7.772018897334399823e-03
8.190579405331764595e-03
8.020394469752747252e-03
7.252749232547887372e-03
5.968334623734303408e-03
4.321181782502041789e-03
2.426566249527052459e-03
4.465068776113203641e-04
1.396847158549407216e-03
2.992922259919210144e-03
4.239144790610572047e-03
4.992998290486638444e-03
5.209229077929897894e-03
4.928455609943429086e-03
4.190454364646579999e-03
3.044450951245490124e-03
1.567741853047194614e-03
1.080266831299257812e-04
1.808960012169968891e-03
3.394765031233218378e-03
4.765373562317208253e-03
5.808081612309963677e-03
6.427805961133959724e-03
6.623116129137880150e-03
6.420430615224377927e-03
5.818559853664961694e-03
4.894563335888363342e-03
3.750165739985478024e-03
2.502217330623020004e-03
1.287285354692834557e-03
1.998428300944273472e-04
7.055219824592946602e-04
1.364699363169586451e-03
1.741657376739714916e-03
1.803502039006923355e-03
1.523268642539653576e-03
9.636299763067244020e-04
2.413050707660937308e-04
5.472612919154236409e-04
1.341689244223630111e-03
2.053661561550068192e-03
2.607629163722612053e-03
2.999452459815714258e-03
3.230514168799099566e-03
3.300357327446303436e-03
3.223672004598017622e-03
3.055256308634277107e-03
2.888117114623887146e-03
2.789266014208164474e-03
2.738710732902440229e-03
2.686306792753563166e-03
2.639101493114757828e-03
2.651532444108949116e-03
2.742963164833633460e-03
2.812337461834151474e-03
2.780953127196148216e-03
2.649397444151504587e-03
2.480025839129594220e-03
2.282916836692925732e-03
2.018738220569800661e-03
1.708994443587599733e-03
1.407295071841414792e-03
1.139435039801913341e-03
9.324540423814658367e-04
7.949012887312940662e-04
7.490888342481834142e-04
8.452582307904117284e-04
1.132869799653066960e-03
1.633977903342385485e-03
2.266229381239210586e-03
2.888901327916632358e-03
3.447277175493426108e-03
3.941791564154481856e-03
4.355718089951635293e-03
4.643599911177438179e-03
4.739051492398465952e-03
4.616145047153972884e-03
4.324839104065773820e-03
3.904404709940459926e-03
3.360900410038086383e-03
2.731787835761750015e-03
2.102186567883605403e-03
1.560763229186595867e-03
1.167066187452163190e-03
9.115252203228098532e-04
8.449060918638690281e-04
9.744957573753716467e-04
1.222650285989905624e-03
1.577628876682006477e-03
2.045493197615159704e-03
2.585269647771719359e-03
3.148975551996262539e-03
3.683714536687294691e-03
4.083498945368250338e-03
4.378192787699799852e-03
4.639735192396419843e-03
4.875891452976175051e-03
4.980553445028177914e-03
4.909035093602891892e-03
4.739572491550614504e-03
4.561722259852690406e-03
4.369887246977303442e-03
4.172212164862012726e-03
4.053828043607845405e-03
4.018963007701012967e-03
3.969220871849972292e-03
3.872221964616713238e-03
3.782945350615252774e-03
3.708586222412772488e-03
3.660230646748410463e-03
3.694259163691005713e-03
3.848905647200775298e-03
