1.346725713731417376e-02
1.158081581702201900e-02
9.557707699791617370e-03
6.539732152135078330e-03
5.124167719931352165e-03
2.275728328414156846e-03
1.704544163525472137e-03
4.443729681447702515e-04
2.898939979717438695e-04
3.158568415683600766e-04
3.908542608545416300e-04
2.102106265908751685e-04
3.755828997257156529e-04
3.488075620874924051e-04
1.514290551807527248e-04
2.950959509380149024e-04
2.860766784933324982e-04
8.452719161744002663e-05
1.710628889511146063e-04
1.822371204212737254e-04
9.127312439309679401e-05
5.480821941090092768e-05
7.770394864508458981e-05
4.221970692009162070e-05
4.493229891155010983e-06
1.005877359435260545e-04
1.603838164509184820e-04
3.400636386399687487e-05
6.109661815993391138e-05
9.709598971491689180e-05
1.511684541052982320e-04
3.353163794227912944e-05
1.862207139938717461e-04
1.289684880717624515e-05
5.469624386022613510e-06
6.087677584749515407e-05
1.046362302521549134e-04
1.588008756531569967e-05
1.197736333280749033e-05
1.261410081854456996e-04
7.332816606861330153e-05
4.270197158273296477e-05
4.320973053778973875e-05
7.196018051226649322e-05
2.604658435188648042e-05
6.793815635267029822e-05
1.056814446284384714e-04
1.421940206143167324e-04
3.156647134983413879e-05
7.969221597077413735e-05
8.938512038104727889e-05
7.943342550281964789e-05
4.532255174143546867e-05
3.017839334324904618e-05
1.175450120127475000e-04
1.004409057203378615e-04
1.425612820795959070e-04
6.429497935089625578e-05
1.592447784068671231e-05
1.843978862404492081e-04
1.055172672064823633e-04
1.003714298778414992e-04
3.163221243819471905e-05
1.080596344349726325e-04
1.630699447233366491e-04
7.965932087311363669e-06
3.820526528087011598e-04
