2.938923105650237400e-02
6.334132781736767637e-02
9.877696096084997990e-02
1.094848966508248367e-01
9.406408529305887445e-02
6.425413483953057447e-02
3.890339079049109916e-02
3.272227571511976407e-02
4.957920045075681070e-02
8.066276442850672801e-02
1.063979031021853316e-01
1.083324477626279592e-01
8.452744904256992431e-02
4.815568110418166903e-02
2.359974506492157342e-02
3.317254730103069704e-02
6.921574761283155741e-02
1.053404515356541893e-01
1.168243184214795560e-01
9.285226627850007297e-02
5.295135258430216929e-02
2.757666911946621280e-02
3.283297888588676550e-02
6.287091170085257197e-02
9.440718522262214751e-02
1.075118065696487601e-01
9.687405786944081054e-02
6.930053070596831066e-02
4.059251981416600596e-02
3.077536295999372395e-02
4.639650722070864930e-02
7.957686999776225623e-02
1.087877764859845886e-01
1.103680134902210730e-01
8.258896302140883439e-02
4.345407923298227892e-02
2.175917084482814623e-02
3.592040856611078414e-02
7.364566345696432759e-02
1.076837853022224456e-01
1.142371281778686853e-01
8.901460450301112992e-02
5.229894708720672636e-02
3.041649929908307737e-02
3.512986940377382794e-02
6.127415637445343677e-02
9.134812210018306011e-02
1.072370357195124857e-01
1.013431685966086349e-01
7.236204866793027879e-02
3.818933848325578584e-02
2.531581291812545764e-02
4.249904853562558316e-02
8.156591152088321639e-02
1.150996545463082166e-01
1.139574424669755892e-01
7.933861831134458864e-02
3.860075733976364720e-02
2.167813407190655184e-02
3.973970198235166063e-02
7.781441769277441800e-02
1.078424630101300075e-01
1.112699992297379037e-01
8.582749758895058534e-02
5.085705863862788334e-02
3.030677121737346269e-02
3.348518040422454600e-02
6.090955146232057693e-02
9.611398580329200136e-02
1.142142473429836880e-01
1.031475917999324921e-01
6.802783816482682600e-02
3.179055497351679360e-02
2.107776597136579166e-02
4.564602816401197583e-02
8.899955191580533054e-02
1.176335880549352897e-01
1.086410223922124052e-01
7.179066014562263121e-02
3.671354115393921091e-02
2.677073309830968473e-02
4.845776624092268392e-02
8.205360891139745760e-02
1.038532346364817727e-01
1.039664890176570378e-01
8.235398855568720755e-02
5.308102940519321411e-02
3.348155723771695236e-02
3.511667046481503629e-02
6.105261034492381889e-02
9.563360399014575464e-02
1.137662319304980629e-01
1.016390941719196306e-01
6.553074074122733350e-02
2.986054358542122866e-02
2.358056220248472279e-02
5.116917322762926101e-02
9.109213429446805232e-02
1.140270946776267280e-01
1.029564861472648252e-01
