1.000000000000000000e+01
4.000000000000000000e+01
7.000000000000000000e+01
1.000000000000000000e+02
1.300000000000000000e+02
1.600000000000000000e+02
1.900000000000000000e+02
2.200000000000000000e+02
2.500000000000000000e+02
2.800000000000000000e+02
3.100000000000000000e+02
3.400000000000000000e+02
3.700000000000000000e+02
4.000000000000000000e+02
4.300000000000000000e+02
4.600000000000000000e+02
4.900000000000000000e+02
5.200000000000000000e+02
5.500000000000000000e+02
5.800000000000000000e+02
6.100000000000000000e+02
6.400000000000000000e+02
6.700000000000000000e+02
7.000000000000000000e+02
7.300000000000000000e+02
7.600000000000000000e+02
7.900000000000000000e+02
8.200000000000000000e+02
8.500000000000000000e+02
8.800000000000000000e+02
9.100000000000000000e+02
9.400000000000000000e+02
9.700000000000000000e+02
1.000000000000000000e+03
1.030000000000000000e+03
1.060000000000000000e+03
1.090000000000000000e+03
1.120000000000000000e+03
1.150000000000000000e+03
1.180000000000000000e+03
1.210000000000000000e+03
1.240000000000000000e+03
1.270000000000000000e+03
1.300000000000000000e+03
1.330000000000000000e+03
1.360000000000000000e+03
1.390000000000000000e+03
1.420000000000000000e+03
1.450000000000000000e+03
1.480000000000000000e+03
1.510000000000000000e+03
1.540000000000000000e+03
1.570000000000000000e+03
1.600000000000000000e+03
1.630000000000000000e+03
1.660000000000000000e+03
1.690000000000000000e+03
1.720000000000000000e+03
1.750000000000000000e+03
1.780000000000000000e+03
1.810000000000000000e+03
1.840000000000000000e+03
1.870000000000000000e+03
1.900000000000000000e+03
1.930000000000000000e+03
1.960000000000000000e+03
1.990000000000000000e+03
