1.603013082490076748e-14
1.716699904557634321e-11
4.487415192383569249e-11
2.617780265372015250e-10
1.240361473142762494e-09
3.715413716128109953e-09
8.595074667619939673e-09
2.228515631202301981e-08
7.491477679735960091e-08
2.099967363781089096e-07
4.948819790022290472e-07
8.885536143486158180e-07
1.320257137754741649e-06
1.626701441865309868e-06
2.096978239969332586e-06
3.219137644693062252e-06
5.090140064673073812e-06
5.246647077897645997e-06
1.423854046755182806e-06
2.182797129095842190e-05
4.256918013682175805e-05
3.537790339098353774e-05
2.771160995018024758e-05
1.290555666919738814e-04
1.845603502037803712e-04
6.944563723590526153e-05
2.261544698910161830e-04
5.085333789427190325e-04
4.500079071018443658e-04
1.032640823702529449e-04
8.120921271459473519e-04
1.003981947467378786e-03
2.403875161121721792e-04
1.092054427628993268e-03
1.875149393063438785e-03
1.241056963766142994e-03
5.147162566974773168e-04
1.997002591200037168e-03
1.958118535145651762e-03
2.343137097078590953e-04
1.888582074818445904e-03
3.084223446957178819e-03
2.511342506159264416e-03
3.256879723181458253e-04
2.234163992242241444e-03
3.615876388951637464e-03
2.249838923598694584e-03
1.526391749533447450e-03
5.443458058786607504e-03
6.302523122912542103e-03
3.138633373613681707e-03
1.948164325215424745e-03
5.049910279932009333e-03
3.741577178775433096e-03
1.029969101631750695e-03
6.112400049120577869e-03
8.098463706735071696e-03
5.164832450350589563e-03
5.844425286568699206e-04
5.343312434289783190e-03
5.582965639412311790e-03
7.217317066660093247e-04
5.621263442690766464e-03
8.710293461766006537e-03
6.470303391479848704e-03
7.085070347356625187e-04
4.243813988868337835e-03
4.966699715615498049e-03
1.433540122091105963e-03
3.357442328413264010e-03
6.012822292957542905e-03
5.071716765051983121e-03
1.797436374298995356e-03
1.180504100829716076e-03
1.911577922065115474e-03
1.869460188829011652e-04
1.900404078316656181e-03
3.090714133822647890e-03
3.286601767831183289e-03
2.963826066180278839e-03
2.930056721730144292e-03
2.762957952885463156e-03
2.293955272904465385e-03
1.647672365883387372e-03
1.372339976136320626e-03
1.743527658698172320e-03
3.110225494886184865e-03
4.569889538357444284e-03
4.684107361894945289e-03
3.365982189044665774e-03
1.649607920543724564e-03
8.666817541976153897e-04
1.439136540953379027e-03
2.822867286893719456e-03
4.041636591516466377e-03
4.322553748863036498e-03
3.688302841149568908e-03
2.971292140640381663e-03
2.684892087979852057e-03
3.062872748378695290e-03
