-1.305525191393541284e+01
-1.304048405400668642e+01
-1.302394969777967582e+01
-1.302353723485920689e+01
-1.302449987310291135e+01
-1.302587923651712920e+01
-1.303713619882501540e+01
-1.304612821409851087e+01
-1.304065976779358671e+01
-1.303111787575862657e+01
-1.302622317746856950e+01
-1.302678312279016737e+01
-1.303037637480696453e+01
-1.303407602795484621e+01
-1.303616478882611140e+01
-1.303605903664831622e+01
-1.303272506523303775e+01
-1.303037154745470971e+01
-1.303183601943429082e+01
-1.303455882847735126e+01
-1.303485548673039496e+01
-1.303245856230116573e+01
-1.302963145490503472e+01
-1.302924777650173205e+01
-1.303096147836158991e+01
-1.303510418201088505e+01
-1.303734193433551880e+01
-1.303591655515194248e+01
-1.303532028155937184e+01
-1.303255866364735738e+01
-1.302631377202210672e+01
-1.302212398745986199e+01
-1.303015067322817089e+01
-1.304036645727390109e+01
-1.304128513590367078e+01
-1.303982199365557726e+01
-1.303615827312494702e+01
-1.302549058908456381e+01
-1.301720859609211622e+01
-1.302511637731651462e+01
-1.303792102299793498e+01
-1.304253663619527259e+01
-1.304281854020254450e+01
-1.303884169700063111e+01
-1.302750670473965933e+01
-1.301955929811001411e+01
-1.302346722465212281e+01
-1.303274969548492379e+01
-1.304099250607649374e+01
-1.304252002197276639e+01
-1.303552748567310182e+01
-1.302765916665652490e+01
-1.302640148247483154e+01
-1.302977722342191669e+01
-1.303385711797272783e+01
-1.303625068250144814e+01
-1.303415285147977798e+01
-1.303039941173723193e+01
-1.303012334418606777e+01
-1.303060988041460710e+01
-1.303490901864620000e+01
-1.303925178034847576e+01
-1.303544473449139929e+01
-1.302885134972495429e+01
-1.302644605997437033e+01
-1.302753695682027590e+01
-1.302933083549631021e+01
-1.303688095484415932e+01
-1.304416396489975227e+01
-1.304101746338002776e+01
-1.302889953183534111e+01
-1.302270477718184871e+01
-1.302598501978686052e+01
-1.302817148757610610e+01
-1.303197794106777607e+01
-1.304282030062152486e+01
-1.304582727250816987e+01
-1.303423481924477656e+01
-1.302699841080034382e+01
-1.302563792671638154e+01
-1.302289516373579836e+01
-1.302733868258779459e+01
-1.304016524713786396e+01
-1.304515737488721960e+01
-1.303830914355758175e+01
-1.303061664741313308e+01
-1.302646199820407169e+01
-1.302500363586164944e+01
-1.302833446583261789e+01
-1.303423139640831785e+01
-1.303886137902362563e+01
-1.303812217213466695e+01
-1.303189009163803114e+01
-1.302840226397690593e+01
-1.302992195871192216e+01
-1.303253498816372691e+01
-1.303314995856523595e+01
-1.303522764838689874e+01
-1.303369479125262664e+01
-1.302683295177981648e+01
