-1.107864036587508494e+01
-1.106135800070861386e+01
-1.108089790821827236e+01
-1.109299042246594524e+01
-1.110813048090918365e+01
-1.111654774927917977e+01
-1.110983528593841996e+01
-1.110905059728945687e+01
-1.111422348725080589e+01
-1.111532382244610595e+01
-1.111009857299006853e+01
-1.111311887989745628e+01
-1.111569678948306183e+01
-1.111428076786225105e+01
-1.111381285801785168e+01
-1.111349207281130091e+01
-1.111549189357914535e+01
-1.111437570440341993e+01
-1.111385193896093249e+01
-1.111520022574900501e+01
-1.111493654635387607e+01
-1.111568678832588120e+01
-1.111501654020396046e+01
-1.111397396402761295e+01
-1.111584336152678709e+01
-1.111567874647860243e+01
-1.111397221334055274e+01
-1.111563763489773216e+01
-1.111547068235162250e+01
-1.111516644329006809e+01
-1.111493828904873560e+01
-1.111439268066151520e+01
-1.111607938068084067e+01
-1.111541893551608773e+01
-1.111455084443147179e+01
-1.111496924483417814e+01
-1.111641519460510352e+01
-1.111510509088656029e+01
-1.111431616727445970e+01
-1.111582488579112571e+01
-1.111622699864778774e+01
-1.111502467154438456e+01
-1.111414442529815538e+01
-1.111663845169463727e+01
-1.111579916558039649e+01
-1.111408859584380870e+01
-1.111570567424728395e+01
-1.111631717256258156e+01
-1.111532789027022439e+01
-1.111507449093699229e+01
-1.111570944642842562e+01
-1.111619767787186142e+01
-1.111537940468748253e+01
-1.111491181385847504e+01
-1.111599025083098624e+01
-1.111569417323171471e+01
-1.111519858376854586e+01
-1.111529327684256963e+01
-1.111555701947543895e+01
-1.111566286685278016e+01
-1.111472995950223819e+01
-1.111486280082543665e+01
-1.111538983787134782e+01
-1.111509538682490827e+01
-1.111463630035495953e+01
-1.111497906544818193e+01
-1.111491479807523497e+01
