2.020672482366228824e-04
3.739021565590726847e-04
7.875614279328603615e-04
1.388984967892042781e-03
2.432887645594796269e-03
3.522149287231086164e-03
4.848084585315170364e-03
6.557306515039941844e-03
8.718422233342888392e-03
1.084643971988171959e-02
1.344500642818018989e-02
1.634342325830611883e-02
1.947255599752432259e-02
2.359990813759185388e-02
2.774154865202901887e-02
3.080650835693026987e-02
3.391598634973820581e-02
3.703618947184231236e-02
3.637870224511834810e-02
3.902707064505375745e-02
4.156205671031364124e-02
4.426363026601798367e-02
4.559254981363107528e-02
4.833989281198788901e-02
5.330548140559399767e-02
6.113497917826245243e-02
6.838305978767851567e-02
7.997074899014122717e-02
9.687250845363627738e-02
1.209881646378632575e-01
1.494288024493502509e-01
1.699049887954118820e-01
1.871113902444989929e-01
2.050707989447168311e-01
2.226662841624872380e-01
2.453175727022126607e-01
2.588859890236543948e-01
2.784446535098418218e-01
2.791107593780130514e-01
2.828107279998011148e-01
2.811012752288771233e-01
2.825567641392628948e-01
2.905204085527413604e-01
2.938272388847665284e-01
3.271192898243349134e-01
3.695001719516591288e-01
3.968421737403061700e-01
4.218738977267831314e-01
4.236948873979183849e-01
4.528329068469167384e-01
4.320531345805177503e-01
4.715180437470936070e-01
4.964633189955149906e-01
5.276327296433147573e-01
5.342995870311488815e-01
5.580116277020463755e-01
6.006520816629383752e-01
6.308022192381314008e-01
6.922131661325591212e-01
7.530621442117096942e-01
8.517704586516300358e-01
8.958515022912670878e-01
9.417829766061230901e-01
9.877259204753385813e-01
1.023382709731656348e+00
1.011651722460023883e+00
1.106738867968302120e+00
1.201873484442534279e+00
1.169272562561546769e+00
1.342653430363812017e+00
1.325589615564396029e+00
1.208073672244073471e+00
1.474737835408701514e+00
1.461345237498361538e+00
1.778747967408605302e+00
1.856505326613322016e+00
1.697809106367879073e+00
1.562943259389097062e+00
1.370599073690058622e+00
1.414017885831031052e+00
1.672937100825435897e+00
1.830653542347438378e+00
1.889041117609280063e+00
1.938526843574105429e+00
2.267368041472217488e+00
2.335168117539625499e+00
3.218098061330993520e+00
3.822221992233767462e+00
3.337285037347562433e+00
2.110730074497426223e+00
2.038678344726059688e+00
1.527719574259590818e+00
1.423593560323612284e+00
1.422588745201952776e+00
1.648706597394542062e+00
2.114115502160833326e+00
3.240664018394683321e+00
1.928886286454579491e+00
1.449614178290227651e+00
1.483417656864273848e+00
