4.228571881333864808e-04
7.676629084017929251e-04
2.011530306199190224e-03
4.021374702388967604e-03
6.595288714737022537e-03
9.485236749392368660e-03
1.242187024656635046e-02
1.513995833438358182e-02
1.740344239560405806e-02
1.902789084431822514e-02
1.989682618007803869e-02
1.996907352088563362e-02
1.927684126771691750e-02
1.791685024548575825e-02
1.603739321145880928e-02
1.382295766530894712e-02
1.147681893595414379e-02
9.202296970574414675e-03
7.184325904098260752e-03
5.573959273410297732e-03
4.477879567565987845e-03
3.953277822081612686e-03
4.007953087411745240e-03
4.603775535959388036e-03
5.662567958252203576e-03
7.073801747436937216e-03
8.704281586843958321e-03
1.040939846353591651e-02
1.204580330971511716e-02
1.348398374020248758e-02
1.461889151154638529e-02
1.537586554308054826e-02
1.571949891240348451e-02
1.565287682141758285e-02
1.521430224126788314e-02
1.447155348715097566e-02
1.351373008719817387e-02
1.244119086805628265e-02
1.135473897831548555e-02
1.034841472908588564e-02
9.502239603270453555e-03
8.872686567908179972e-03
8.487970811568854718e-03
8.345070590387587348e-03
8.415034146640073404e-03
8.651598356493437128e-03
9.002390908138771519e-03
9.417984105163064792e-03
9.857335730176434996e-03
1.029045630054642273e-02
1.069782599117728543e-02
1.106968903867807698e-02
1.139923840138442300e-02
1.168004773284964624e-02
1.190496633849986996e-02
1.206712160365363586e-02
1.216243851851707587e-02
1.219133470120548589e-02
1.215903757674182545e-02
1.207555700356575425e-02
1.195521497050505352e-02
1.181172699499183701e-02
1.165455564761773942e-02
1.148777268862930141e-02
1.130987768705282726e-02
1.111618712844020598e-02
1.090172704360676745e-02
1.066486662558491574e-02
1.041201181824801328e-02
1.016008841400477085e-02
9.935471457442212120e-03
9.770762360409523950e-03
9.696735605875915140e-03
9.732514622162078202e-03
9.878536330897370529e-03
1.011803282892068286e-02
1.041869701451101672e-02
1.073974945098547101e-02
1.105367918016813937e-02
1.134382846517822778e-02
1.160465609782647400e-02
1.183769599032383733e-02
1.203662776041274259e-02
1.217885403350693098e-02
1.223478553054589343e-02
1.217126850943316130e-02
1.196937558214850560e-02
1.164062304963472440e-02
1.123157305400849723e-02
1.081545820276835941e-02
1.047210879172947966e-02
1.025859269283707631e-02
1.019150796597258907e-02
1.025361014155397668e-02
1.040068062359076131e-02
1.058164877819948654e-02
1.075616572080739797e-02
1.090139746664209493e-02
1.101237246280437239e-02
1.109560199290967816e-02
1.116073428376153018e-02
1.120698357567472513e-02
1.122647857641454611e-02
1.119801825257907626e-02
1.111077330314811512e-02
1.096822571124463075e-02
1.079574610434556013e-02
1.062894879866701711e-02
1.050183533916877916e-02
1.044294640957995138e-02
1.046569970551509618e-02
1.056389796245650603e-02
1.071627342277594284e-02
1.089602379782090256e-02
1.108379545376669828e-02
1.127299659515118048e-02
1.146403858563567468e-02
1.165958617016810139e-02
1.185583729012917517e-02
1.203885043992494741e-02
1.218486798564278814e-02
1.226683191257564413e-02
1.226475240912952569e-02
1.216861903303405150e-02
1.197612601105755431e-02
1.169049291326951234e-02
1.132038926471312483e-02
1.088148081981653650e-02
1.039830307802035864e-02
9.901798762687661140e-03
9.428501827248355477e-03
9.020433439385489374e-03
8.721039771975327287e-03
8.570001579377100817e-03
8.604538835677884648e-03
8.852906461770547811e-03
9.331274875901763091e-03
1.003923190632943253e-02
1.094861021233701180e-02
1.200101645486443928e-02
1.310855975450902870e-02
1.416078239672331936e-02
1.503699682018828053e-02
1.562526672947757087e-02
1.584081932483411698e-02
1.564401750447525288e-02
1.503439575641853099e-02
1.405572765749925866e-02
1.278296619514745006e-02
1.131019243798290531e-02
9.745092188694626234e-03
8.205572796015653952e-03
6.819204945728327832e-03
5.717274084792321222e-03
5.024099821433176440e-03
4.838955329333126561e-03
5.218810820903786729e-03
6.164624064455603673e-03
7.616776822175251073e-03
9.462071767945823969e-03
1.154368274302886889e-02
1.367681534535461312e-02
1.566819992628869923e-02
1.733111180748280952e-02
1.850976799345827040e-02
1.909758827630437389e-02
1.903504944605402191e-02
1.832091281754531786e-02
1.701226311425162868e-02
1.521616063482593428e-02
1.308027677491651122e-02
1.077060749010695304e-02
8.457338403292342238e-03
6.310196821580548072e-03
4.500202655306579855e-03
3.198431794426386931e-03
2.551687082460035293e-03
2.660792452939729491e-03
3.554062597100505084e-03
5.168787827399006288e-03
7.358254947875975463e-03
9.906593019360301552e-03
1.256343832232310713e-02
1.508888950771228137e-02
1.727094684351289378e-02
1.894153010586807281e-02
1.998639537984982922e-02
2.033721354894926087e-02
1.996885936962483621e-02
1.890270152918727825e-02
1.721151695491927869e-02
1.502107099144009070e-02
1.251396301996985511e-02
9.918640134298653196e-03
7.477019994939308571e-03
5.416046316893613662e-03
3.919378365641378557e-03
3.100461546512220130e-03
3.003663063037495962e-03
3.611577234714485624e-03
4.853051908204944996e-03
6.609051657092785033e-03
8.727016756620178603e-03
1.103176298579624723e-02
1.332117120261414739e-02
1.540118430323568662e-02
1.708630508037106352e-02
1.822764238932518890e-02
1.874568732838143362e-02
1.863153356502178157e-02
1.792557212698503086e-02
1.673405926726881723e-02
1.520244980264849090e-02
1.347092363606869694e-02
1.169063071455811453e-02
1.000618218886601719e-02
8.548450830500374173e-03
7.417257407485750888e-03
6.691987765078865648e-03
6.418426898750191102e-03
6.596586332878186590e-03
7.182512699417037579e-03
8.092971741053851115e-03
9.214448741047927965e-03
1.042339819247155124e-02
1.160968530767006110e-02
1.268125448671187858e-02
1.356095807731130809e-02
1.419203321175399428e-02
1.454747055599471713e-02
1.462944110599200855e-02
1.447092257831793412e-02
1.414093364707976440e-02
1.370791614775814481e-02
1.322576291705365725e-02
1.273812313591074150e-02
1.226946661695780746e-02
1.183629721037246334e-02
1.146077355867958225e-02
1.115989935822294353e-02
1.092934357221063760e-02
1.077415087019962733e-02
1.069719687241302113e-02
1.069389301872928320e-02
1.074546118288262006e-02
1.081979321125857429e-02
1.089049429400405257e-02
1.095603039407833275e-02
1.102571152851872759e-02
1.110752844777658163e-02
1.120431543759523203e-02
1.132486943150646554e-02
1.147969736291581076e-02
1.167606370383077012e-02
1.191657276702183001e-02
1.219279973185484998e-02
1.248546508241573857e-02
1.279895381841007415e-02
1.310674247002704094e-02
1.337886576349477975e-02
1.358410656899758893e-02
1.368963947801244037e-02
1.366200736637615716e-02
1.349121735481659604e-02
1.319309527218352762e-02
1.278925015526714316e-02
1.230005214561641358e-02
1.176861500451525239e-02
1.123310520148846151e-02
1.071992912987416655e-02
1.027470557013464812e-02
9.946290276785941381e-03
9.785766275135736672e-03
9.833333722430896012e-03
1.010001106876793307e-02
1.056661454268890792e-02
1.122549307531842469e-02
1.200030429347765000e-02
1.281709256898987473e-02
1.358406245629151243e-02
1.420530590107878244e-02
1.461144814480385030e-02
1.475323705712562085e-02
1.461963958097539651e-02
1.423662073144891724e-02
1.365438384455207842e-02
1.294341182957352114e-02
1.218207984175202416e-02
1.146879360672924814e-02
1.089962947780195174e-02
1.051268552178266126e-02
1.034552674781522540e-02
1.040407614973175819e-02
1.066219042939391647e-02
1.108069207083508569e-02
1.159285063492950657e-02
1.218151814559132774e-02
1.280987338905554933e-02
1.340113943317750890e-02
1.390333019924720574e-02
