3.093392451604207519e-02
3.789865175882975445e-02
4.848694801330566406e-02
5.344034830729166990e-02
5.837789773941039900e-02
6.260031064351399832e-02
6.844166517257690985e-02
7.744283676147460660e-02
8.080139557520547855e-02
8.783175150553385047e-02
9.424789746602375839e-02
1.023553450902303097e-01
1.091909249623616573e-01
1.148917913436889593e-01
1.226110617319742802e-01
1.303406238555908092e-01
1.370741605758666881e-01
1.432939052581786998e-01
1.506885250409444044e-01
1.649361570676167732e-01
1.662437081336975153e-01
1.711095372835794992e-01
1.783727765083313044e-01
1.862771948178609249e-01
1.920872608820597405e-01
2.003529548645019420e-01
2.067160328229268318e-01
2.158635298411051562e-01
3.839373071988423924e-01
3.416247963905334473e-01
2.994772116343180079e-01
3.411354780197143333e-01
3.662337183952331654e-01
3.700657844543456809e-01
3.514132897059122906e-01
3.537474036216735618e-01
3.901222785313924191e-01
3.638097206751505497e-01
3.992752075195312722e-01
4.345204591751098411e-01
5.202838977177938196e-01
5.476720770200093069e-01
4.492969512939453125e-01
5.523553450902303208e-01
5.219897747039794478e-01
3.400352954864501731e-01
3.454747676849365123e-01
3.567821025848388894e-01
3.599252382914225334e-01
3.696520090103149192e-01
4.748433470726013406e-01
5.294443130493163840e-01
3.882682085037231223e-01
3.980224529902140485e-01
5.570019801457722908e-01
4.243499358495076423e-01
4.342936635017394797e-01
4.378839890162150028e-01
4.427500963211059570e-01
4.496652682622273578e-01
4.725133140881856431e-01
4.643104553222656139e-01
6.742564002672831736e-01
5.832966089248656782e-01
5.094443519910176743e-01
5.194088180859883774e-01
6.228960752487182617e-01
6.246317704518635772e-01
5.664541125297546387e-01
5.357276439666748269e-01
5.287732561429341338e-01
5.331819891929626687e-01
5.616193175315856712e-01
5.611193259557087920e-01
5.611435651779175249e-01
5.684682011604309526e-01
5.797553420066833274e-01
5.732303818066915024e-01
5.688854455947875977e-01
5.750683466593424775e-01
5.804234385490417703e-01
5.996424833933512444e-01
6.119496544202168709e-01
6.507718046506245635e-01
6.098018089930216101e-01
6.158463358879089355e-01
6.292687535285950151e-01
6.350200732549031724e-01
6.381286104520161873e-01
6.464083035786946096e-01
6.484722971916199175e-01
6.576352039972941377e-01
6.987518429756164329e-01
6.757243831952413071e-01
6.825866460800170676e-01
6.860746542612711218e-01
7.051157355308532715e-01
6.951732436815897254e-01
7.212213079134622840e-01
7.182828028996784964e-01
