1.642790912110555410e-06
1.324211064376236225e-06
4.186934249321910775e-07
1.040550429884171853e-06
2.744941254487372286e-06
4.746569513546482211e-06
7.594063763646518020e-06
2.159925717639351341e-06
2.291204683785289499e-05
2.516427883140798333e-05
2.468882425948420878e-05
2.600228129432335077e-05
4.706547263988881941e-05
5.565250838866873663e-05
5.773186107222758561e-05
7.908627448205314276e-05
7.669942059330508944e-05
6.897684948790989089e-05
9.959825420555703981e-05
1.122307812657661528e-04
1.056005019681560930e-04
7.613522540552652128e-05
1.620319326297760677e-04
1.632462610113117143e-04
1.812615661736130090e-04
1.963320797463368838e-04
2.249615861056933602e-04
1.845353983951707969e-04
2.035108856213092062e-04
2.279365436003420752e-04
2.072680338957175942e-04
2.470621405384339046e-04
1.953339338608869576e-04
1.787264846211551457e-04
1.079512752717172420e-04
1.200591695992817725e-04
2.335513596714761152e-04
1.700629688298107417e-04
2.540518662723375383e-04
2.580263618151651893e-04
1.265022716720119972e-04
1.097571173428729397e-04
1.058715472202203801e-04
3.529296985110164385e-05
2.848085209570110855e-05
1.545638607427809010e-04
4.665121889308074900e-05
1.568377709308498144e-04
3.595796217084167978e-04
2.598966023456573135e-04
2.273359543397285038e-04
5.327975069854186006e-04
4.527100843017163720e-04
5.314152871537240102e-04
4.665739642753341889e-04
7.116135958983442781e-04
8.187805616629614380e-04
1.138102379046823220e-03
9.942072577473781182e-04
1.182885072608615140e-03
1.252176743550193882e-03
1.423160895111032307e-03
1.698787601414035757e-03
2.002616338792581260e-03
2.179491075163305248e-03
2.159211064171843910e-03
2.129718646662138396e-03
2.274971060626180923e-03
2.567542201905317033e-03
2.650716869424914451e-03
2.819225199576902603e-03
3.268424420239290223e-03
3.425435959019310691e-03
4.035562524266349434e-03
3.389838020115288827e-03
3.799208850730986624e-03
3.954575710517858195e-03
4.369079978583332961e-03
4.776779919254881511e-03
5.150032405677094048e-03
4.972071207614279717e-03
5.087196302318261996e-03
5.139608755011456503e-03
5.053988098461155605e-03
4.901027348286349054e-03
5.829053389454116364e-03
6.357718389621761119e-03
5.700242455347811002e-03
5.407321944343070411e-03
5.132195084173837157e-03
6.412164444223732163e-03
6.294693106520102277e-03
2.123013051401594908e-01
6.686608402312751824e-03
5.902617766356005324e-03
6.744848283957936494e-03
6.405359139073078800e-03
6.071550462223312787e-03
6.986068252372771778e-03
5.900019822844629509e-03
