4.453797613870404712e-04
4.340196588969617159e-03
1.294871748134926795e-02
1.942954154398302685e-02
1.868145083612292659e-02
1.205676105204068170e-02
5.332256240822000858e-03
2.915683600356060948e-03
5.654254084279762040e-03
1.150990110414242679e-02
1.651231829745965218e-02
1.708254958400714715e-02
1.319085887171735604e-02
8.150862092102991938e-03
4.923527934320850313e-03
5.292509343159009817e-03
9.716684295983261943e-03
1.489655125581804476e-02
1.650067927717513427e-02
1.458581185301003821e-02
1.079463810333154000e-02
6.648150434319220585e-03
5.176913568310815943e-03
7.971949863945199111e-03
1.227046891482050893e-02
1.528759652943889949e-02
1.623809029133779433e-02
1.438714497273928423e-02
9.394302227802259903e-03
5.348627328085260244e-03
5.833837670856593070e-03
1.014574818732535619e-02
1.625048934072990947e-02
1.993664026464032901e-02
1.683772555072969926e-02
8.953139101212256173e-03
3.557716756715084520e-03
5.245680195254134870e-03
1.219740050447491557e-02
1.906768112909935226e-02
2.097737422321227507e-02
1.578184473033478891e-02
7.866299416091101018e-03
4.892638307428802402e-03
8.169169644549650194e-03
1.393570612259229305e-02
1.890911384319914068e-02
1.948052011902044398e-02
1.534132743944867198e-02
1.078654920299705784e-02
9.481845558595722659e-03
1.102821666831648069e-02
1.360349816083647467e-02
1.622093507134598350e-02
1.811732820638613933e-02
1.768660357608749928e-02
1.545527490091722946e-02
1.280404238820958933e-02
1.105994462508470139e-02
1.171353282407640480e-02
1.537747892937702844e-02
1.978180278480636337e-02
2.181609571125117317e-02
1.972865994015017554e-02
1.467606343813674698e-02
1.045798167812236716e-02
1.046275232128302847e-02
1.540243741930511986e-02
2.230550612442067787e-02
2.620390341753285959e-02
2.359216210340827138e-02
1.610528133458021330e-02
9.933687659321604330e-03
1.026761675524585568e-02
1.676793699176329713e-02
2.510132716199020564e-02
2.960813790710090446e-02
2.573853330040540288e-02
1.608728162023240552e-02
1.005764913403504532e-02
1.238103809808227887e-02
2.058336625809700088e-02
2.878630894920886085e-02
3.054737261563663861e-02
2.459526871807565102e-02
1.725779940858131536e-02
1.479818884606426931e-02
1.789068997616921619e-02
2.251457196317067228e-02
2.620200409589670820e-02
2.784288535369514039e-02
2.643215748681293845e-02
2.390648772323996848e-02
2.201258236427389853e-02
1.996347071090725026e-02
1.974865744229569592e-02
2.354745428091923123e-02
2.892497448873548871e-02
3.221905791068205988e-02
3.102265271809417219e-02
