2.110503055212165080e-02
1.979214533799322773e-02
1.667555592124370101e-02
1.305618507433026210e-02
9.453658644425377844e-03
6.409889082518382963e-03
4.699401863568541948e-03
3.817157955207428621e-03
3.314365777729810780e-03
2.821714161293731316e-03
2.145497703504806175e-03
1.541421192965852782e-03
1.795084841481386917e-03
2.740566696843416139e-03
3.314802775089553677e-03
3.055034198833905812e-03
2.479932097888881692e-03
1.773800366286049091e-03
1.134120121761839073e-03
1.334474548197239763e-03
2.391074200120191229e-03
3.459764869687464994e-03
3.492714615411895984e-03
2.565025367721962546e-03
1.492994680712289579e-03
9.760650393000336322e-04
1.279199650791817966e-03
2.179816322591787703e-03
2.947239512605892564e-03
2.977082078631343443e-03
2.348921127402814335e-03
1.568348470085578761e-03
1.147417032468900366e-03
1.381550636281869693e-03
2.047315307039720977e-03
2.342333560555465155e-03
2.195656854223071441e-03
2.022931702727936987e-03
1.916367269969132536e-03
1.855845388124555129e-03
1.653530367234257170e-03
1.466704443624844423e-03
1.614244990168711702e-03
1.949382084056261455e-03
2.113500340486407225e-03
2.145707330474588836e-03
2.139466055891769969e-03
1.894622907025134140e-03
1.557429501930163163e-03
1.405855411984235914e-03
1.633596651120283738e-03
2.017974680539769139e-03
2.227004120349818095e-03
2.087957726424782834e-03
1.945114262663416582e-03
1.792239656411842574e-03
1.716377213935027513e-03
1.738698745707645266e-03
1.787893039833732267e-03
1.821051478103852261e-03
1.851164635131463676e-03
1.950202896798147734e-03
2.188408641717765057e-03
2.369319618164000829e-03
2.016998849880713429e-03
1.406081082430676865e-03
1.225168993460035161e-03
