1.976200102987050533e-04
3.932472220534714846e-03
1.240888333577506476e-02
1.903059863774868993e-02
1.928551723304154641e-02
1.380640679396274474e-02
7.022030728662363372e-03
3.533146023981141755e-03
5.023860569826313523e-03
9.813023321549744007e-03
1.446878910483698211e-02
1.611854858134058321e-02
1.419603712134897590e-02
1.058940563608618858e-02
7.893537214705689808e-03
7.425184373136322659e-03
8.753273438838934592e-03
1.064770379716064447e-02
1.213320796862502743e-02
1.277225309370068167e-02
1.248157164935766866e-02
1.143538538153440406e-02
1.013466475519390897e-02
9.221506847993358666e-03
9.142531109754348587e-03
9.911585252475808155e-03
1.109765616568218934e-02
1.203468170218227433e-02
1.220759498042467243e-02
1.159566543504402664e-02
1.066164270201831916e-02
9.988180124027069146e-03
9.848773945382909012e-03
1.014674667733845084e-02
1.066279816223989450e-02
1.118757385200287030e-02
1.155684748331139815e-02
1.162425859857403425e-02
1.132994868554935974e-02
1.078601854160872106e-02
1.027401424972757688e-02
1.007220624924087121e-02
1.030035849361090813e-02
1.085237865502713256e-02
1.140253085747705217e-02
1.160583794275282625e-02
1.139989871880349274e-02
1.100058176982935711e-02
1.061584666734608634e-02
1.039300038852304306e-02
1.043672403711645193e-02
1.069246101268736711e-02
1.099432721376107647e-02
1.127012194850388060e-02
1.144843575862820872e-02
1.136205987594396047e-02
1.098904145513272465e-02
1.058913922276209611e-02
1.041976608672832982e-02
1.053763027392439107e-02
1.091686218973758095e-02
1.134528919990263063e-02
1.146785031088856308e-02
1.119362889042205267e-02
1.084932209036517867e-02
1.073191747311037954e-02
1.086608311147346968e-02
1.107753153894312087e-02
1.110807090838113187e-02
1.088577879862330858e-02
1.067468244178594247e-02
1.083009721393026446e-02
1.130864386670920631e-02
1.164164357419616123e-02
1.145574247343620136e-02
1.089365480375902549e-02
1.049984065774678399e-02
1.060104083690333390e-02
1.093348181846390092e-02
1.110278342176496298e-02
1.112544710040155350e-02
1.129730376269679620e-02
1.167846798243409902e-02
1.186144323178018115e-02
1.134120732836200150e-02
1.026908519292236109e-02
9.514640378318209649e-03
9.887845316441296051e-03
1.130397452548608482e-02
1.281307274468944900e-02
1.332133847922987134e-02
1.238366421248658297e-02
1.044387493461966174e-02
8.578327623019649933e-03
8.062098875526980957e-03
9.719459202623436864e-03
1.292522997472957472e-02
1.546358743046540897e-02
1.502172753860803005e-02
1.137732738299490620e-02
