3.951618696923508978e-04
7.832621743273482373e-03
2.450763052420690258e-02
3.733845303340388444e-02
3.782834669520707127e-02
2.722881009979483125e-02
1.394307326057875329e-02
7.040837178004299979e-03
1.000843949369023544e-02
1.943104969935127713e-02
2.839249137022192837e-02
3.151377176426084503e-02
2.799686703260861886e-02
2.095421321961099537e-02
1.547492033045183568e-02
1.506998279725235701e-02
1.751961699334314559e-02
2.023680242046177469e-02
2.371012519095672122e-02
2.529238738303052347e-02
2.402643474423971082e-02
2.257010810338866413e-02
2.011190767567949678e-02
1.787583893155531012e-02
1.849748192422595583e-02
2.049474163193065746e-02
2.202375756686325570e-02
2.362238187209197982e-02
2.413386424236618755e-02
2.106353386439996367e-02
1.919603407193071209e-02
2.178981209429708965e-02
2.310472347839676033e-02
2.120990982508297318e-02
2.067170749016611353e-02
2.062339857263784104e-02
1.877534188130847159e-02
2.019070771798836539e-02
2.534088171472903550e-02
2.734241534495496229e-02
2.437169055177179633e-02
2.053859092778254070e-02
1.766328214538781527e-02
1.603161333130498356e-02
1.763333456998750215e-02
2.328238903064949739e-02
2.985334922230675758e-02
3.203562728280029415e-02
2.715463296312059516e-02
1.794755016898608169e-02
1.118729329253576044e-02
1.219350929069451528e-02
2.060923219294952258e-02
3.117364151824131291e-02
3.707484656194004469e-02
3.313241306778502704e-02
2.174816409517443816e-02
1.140242567035665289e-02
9.090713135246564214e-03
1.660433316227460931e-02
2.963346778275266491e-02
3.848062347420777574e-02
3.673704546746436872e-02
2.582791966702469022e-02
1.380633338806380728e-02
1.007347871844466169e-02
1.674703744087069346e-02
2.799958626894560876e-02
3.535683031411018806e-02
3.441988587336886063e-02
2.701069945985046239e-02
1.904259525407903109e-02
1.668754189765520035e-02
2.034828322859028038e-02
2.589423159961967702e-02
2.930341297161787040e-02
2.909230366104631482e-02
2.672229125967606755e-02
2.461308865219891118e-02
2.416542711625735418e-02
2.453742912128853426e-02
2.488866732535632842e-02
2.491686180155572305e-02
2.558931450109258599e-02
2.727749634729115247e-02
2.747686188990527967e-02
2.613698020668075994e-02
2.596137567653533651e-02
2.608784475923042745e-02
2.527721303230412442e-02
2.608979244476061776e-02
2.818611567227724546e-02
2.792286386156828115e-02
2.529859865703232291e-02
2.324138174134904311e-02
2.450882401341514250e-02
2.871224406871875079e-02
3.205848082694073842e-02
3.196490669414386865e-02
2.762584315033667082e-02
