-1.281907365847519031e+01
-1.275017690772682499e+01
-1.276029753788110988e+01
-1.278688904742841714e+01
-1.279229167478760587e+01
-1.279290397273375035e+01
-1.278319984468739356e+01
-1.278563582421345934e+01
-1.277021837025420403e+01
-1.277678829365335389e+01
-1.277550612910415140e+01
-1.278148248247254415e+01
-1.279383553786754923e+01
-1.278466494546942123e+01
-1.277309853151925090e+01
-1.278229033767651401e+01
-1.278643473096662575e+01
-1.278113734097981791e+01
-1.277545912767701530e+01
-1.278978038299753095e+01
-1.277592449328904145e+01
-1.276885336273236149e+01
-1.277982997961913014e+01
-1.280097720560978836e+01
-1.276218734841291536e+01
-1.279434168166480923e+01
-1.279896591365947955e+01
-1.276046876724824308e+01
-1.278212561536413894e+01
-1.276545163002161765e+01
-1.279250118123406210e+01
-1.277724786455587846e+01
-1.278740571776678614e+01
-1.280835897825655856e+01
-1.277169349597110148e+01
-1.277330411006702882e+01
-1.275286278162876741e+01
-1.279186607980002144e+01
-1.278222812911564432e+01
-1.278362133240245058e+01
-1.279746052832676639e+01
-1.279202956881333009e+01
-1.277844701128304017e+01
-1.274640521543276250e+01
-1.277988936118641483e+01
-1.278802682619904196e+01
-1.279062748416930262e+01
-1.277415024757963380e+01
-1.280532917113154312e+01
-1.276798543857772117e+01
-1.276840944938565947e+01
-1.278863696798151928e+01
-1.277257627924836925e+01
-1.279392274296966470e+01
-1.278059831766828403e+01
-1.277426057068635323e+01
-1.278644118274497110e+01
-1.276369047768278087e+01
-1.280662486676033396e+01
-1.278047055427446921e+01
-1.276494435442885766e+01
-1.280399512687317909e+01
-1.276392641112903803e+01
-1.277289457058368960e+01
-1.276426824279718986e+01
-1.281551054992860195e+01
-1.278836372541501731e+01
-1.277360018945867104e+01
-1.279415578161538214e+01
-1.276637733377618922e+01
-1.277616550213268098e+01
-1.276967946565180867e+01
-1.278706904085561114e+01
-1.279966085445752633e+01
-1.279480282739341312e+01
-1.276931546917359483e+01
-1.278929144712725652e+01
-1.277584451089040307e+01
-1.275027895861080651e+01
-1.279623472798927608e+01
-1.278121923981496977e+01
-1.280408164716562425e+01
-1.277085570111033164e+01
-1.279735679652009672e+01
-1.277493478061668064e+01
-1.274007638612736137e+01
-1.281132713922359834e+01
-1.277478005573506792e+01
-1.276736112061646189e+01
-1.279676809032271123e+01
-1.279261908906329204e+01
-1.276026582633069140e+01
-1.276468824339996111e+01
-1.280121774368578436e+01
-1.277396428665467454e+01
-1.277069499905094041e+01
-1.279614846606551382e+01
-1.274984968415516029e+01
-1.279224845814665201e+01
-1.277910050043601231e+01
