1.343539550448226601e-02
1.157782528447310992e-02
9.612790979217513895e-03
6.510339096209750639e-03
5.105711211803133816e-03
2.212929319716224179e-03
1.677037318243106276e-03
3.995904985916539265e-04
3.049008176317604584e-04
3.098994426261986418e-04
3.941759674881704424e-04
2.143086678662303323e-04
3.781945053438576796e-04
3.243557515899810821e-04
1.553070523425290289e-04
3.142490033357666192e-04
2.704490074080353112e-04
8.464355887558914072e-05
1.561178766750776349e-04
2.141069546842484708e-04
7.874923532002289534e-05
1.272846281242414621e-05
7.347010160077907266e-05
1.403760976079654715e-05
6.477989558291066870e-06
9.847215495493222878e-05
1.475535150091878041e-04
4.286462224407438322e-05
3.783153790409938627e-05
1.171162198916662580e-04
1.247186638456332570e-04
1.573597547058673966e-05
1.535160617970410886e-04
2.056932677064315302e-05
1.834579002968126342e-05
4.512439349938854728e-05
1.146288454825767462e-04
7.399778911640563200e-05
5.483488165822253048e-07
1.481340881268317479e-04
6.910969348827517911e-05
5.600329479914418102e-05
2.812740648657466555e-05
8.412084658237412341e-05
3.567840304892467928e-05
1.011764887732042917e-04
1.143817649519442370e-04
1.515796262833038293e-04
4.555936758476557941e-05
8.497561216590827514e-05
1.199480619878542324e-04
4.226389053653212887e-05
5.571565804702081583e-05
6.591077678522920882e-05
1.127851336399420066e-04
7.730195877130363927e-05
1.456533165371177616e-04
7.500758794301090886e-05
3.795748138111739757e-05
1.693661399302482198e-04
9.408407034875999582e-05
9.753726413880032132e-05
2.531502349240051018e-05
1.134563749408967770e-04
1.835084392645182111e-04
6.027302334579232551e-06
3.945037915108491459e-04
