2.024889914487004716e-04
9.451870902209670924e-03
1.989553490065086930e-02
1.380570266745535790e-02
4.122244607915831992e-03
6.390302466702823571e-03
1.439341250020871599e-02
1.501234324965910853e-02
9.469819774290285513e-03
7.482810031482989288e-03
9.987013410898809215e-03
1.221826901688481161e-02
1.246663679594602579e-02
1.049177937764467564e-02
9.093269653267666702e-03
9.859764155066957567e-03
1.188333367369390908e-02
1.206920048538787787e-02
1.060401092841480562e-02
9.795774218160139407e-03
