4.726291866921174680e-15
1.716271774295725715e-11
4.484385965933477898e-11
2.615001262718043213e-10
1.237665683049833029e-09
3.692839903673717765e-09
8.600822652080437924e-09
2.270033286271794411e-08
7.400889143741073838e-08
2.239196688750381554e-07
5.349982060827581003e-07
9.863553631595731327e-07
1.389324046562700466e-06
1.613582838631806638e-06
2.037517882399233988e-06
3.400425190570746243e-06
5.727443898989601508e-06
6.107505932112143239e-06
1.927018684883632762e-06
2.226699543436106533e-05
4.495618378679450020e-05
3.945463324563036297e-05
2.490374645566040761e-05
1.331000092587037039e-04
1.932215198280431176e-04
8.474220711282813166e-05
2.079907236655926118e-04
4.870642307670924442e-04
4.208259522499786277e-04
1.390028358213288371e-04
8.569914005759592113e-04
1.052486527698307190e-03
2.974220803824272627e-04
1.002682346592614600e-03
1.761045507614793009e-03
1.116988343748206514e-03
6.373013439572645282e-04
2.156378400877390772e-03
2.163005909083328109e-03
5.387037439437892443e-04
1.612485782804457847e-03
2.843256761197988057e-03
2.289848662915328677e-03
1.239861724989157880e-04
2.535761035767265109e-03
3.973110466240477832e-03
2.793784262007979659e-03
7.900756814381987292e-04
4.461321799033858906e-03
5.240067451797703578e-03
2.014809799848118511e-03
3.088690687297421071e-03
6.256121579568893649e-03
4.962746939209650675e-03
5.293724456349490468e-06
5.157898790744432777e-03
6.920473147278674401e-03
3.926607292105494668e-03
1.963852188985694153e-03
6.703122660075643176e-03
6.733381768427746002e-03
1.814957515334964661e-03
4.455587813866710573e-03
7.411887989041012099e-03
4.967131067309823143e-03
7.964799977168698442e-04
5.490897339249887522e-03
5.936211612058986224e-03
2.274002653035386411e-03
2.539623026302691329e-03
5.130326519892975182e-03
4.086101928159949041e-03
6.157276661960306820e-04
2.459549591452063651e-03
3.059773687629443410e-03
1.445641433452776389e-03
5.960358208795358626e-04
1.598534429916210250e-03
1.467350480943527703e-03
1.059900463936759574e-03
8.158952889380724363e-04
5.320942322816055083e-04
9.251480976623339893e-05
9.268194666036580053e-04
1.324978399374124576e-03
6.453562460213888409e-04
9.100724238782088426e-04
2.303794522526072391e-03
2.352499738418335241e-03
9.008628911545286380e-04
9.683301514106587441e-04
1.766283788417207824e-03
9.700280685368943166e-04
6.653235532806061172e-04
1.762509818733557507e-03
1.697205847831561058e-03
8.830493525793758599e-04
1.073814369782863539e-04
1.961489307359402974e-04
1.097553503569961500e-04
