3.936607056254093351e-04
3.870596268006343266e-04
3.825376697610405330e-04
3.797043171571701237e-04
3.784869174690008720e-04
3.784559174192514419e-04
3.798526304195082304e-04
3.815104005845393331e-04
3.840429309167614491e-04
3.867249580763454375e-04
3.900429004134453592e-04
3.931692517724627578e-04
3.972700429790698706e-04
4.011362737559309721e-04
4.080626187086267009e-04
4.095012219894611505e-04
4.121420955950361176e-04
4.166026366408948078e-04
4.197253856526028670e-04
4.257000386979070683e-04
4.322610254063885549e-04
4.388527246342865951e-04
4.463214113680225026e-04
4.582136771541511777e-04
4.739204175610023384e-04
4.888799084239447978e-04
4.949548125731118020e-04
5.097563595548582072e-04
5.273397673627444604e-04
5.491489872501142955e-04
5.741658334152965892e-04
6.012252993869982021e-04
6.309131711860205272e-04
6.640939450331950766e-04
6.994520921258517987e-04
7.432023673671350750e-04
7.877784579463087411e-04
8.372459537626664172e-04
8.882806635849282983e-04
9.452497691886385667e-04
1.000541123456266668e-03
1.061697812564266208e-03
1.124501603646521630e-03
1.191683867907245009e-03
1.256062377340660952e-03
1.328886213843638586e-03
1.402812449051937804e-03
1.474961171882060995e-03
1.545699682512946538e-03
1.625672527894805874e-03
1.695012485195879215e-03
1.765960476672323587e-03
1.849999346284270096e-03
1.932588226695064471e-03
1.995322785496189688e-03
2.072430941536529403e-03
2.133731027467611341e-03
2.187630627362713298e-03
2.242749580282032973e-03
2.308351904005911948e-03
2.350428715156782644e-03
2.379997412704559778e-03
2.426666360971663217e-03
2.457666189007556845e-03
2.473099089124297656e-03
2.487099339368081807e-03
2.502866798744451948e-03
2.508702738955870259e-03
2.500046852031867495e-03
2.545107823387349200e-03
2.546991503468376550e-03
2.537494741601586945e-03
2.555614218763380130e-03
2.526719142531219653e-03
2.517562250416438552e-03
2.492146544880058379e-03
2.471830660841334293e-03
2.451968865391451757e-03
2.456086628844333930e-03
2.427707193999095736e-03
2.434524589812414597e-03
2.427177204925690113e-03
2.463780901450385308e-03
2.445679659986765841e-03
2.516172926677717747e-03
2.584292723236569778e-03
2.605054555732233545e-03
2.645089292150348825e-03
2.696563971919974101e-03
2.816229677828685496e-03
2.936525445320303795e-03
3.069569704379881969e-03
3.105448505639429868e-03
3.298069365814781939e-03
3.530572060243652999e-03
3.730120817792226262e-03
3.991531623305344390e-03
4.282862342766091679e-03
4.531481493476596789e-03
4.748849393073073522e-03
