-2.137608297970047389e+01
-2.135517019579590681e+01
-2.132771955477466719e+01
-2.130965833360589201e+01
-2.133212452730056441e+01
-2.132820621218810686e+01
-2.132706761458645772e+01
-2.134045169225660388e+01
-2.134098689267780813e+01
-2.132931695700962393e+01
-2.132013894678292587e+01
-2.131968987297091189e+01
-2.132766757306521654e+01
-2.133280427394866052e+01
-2.133155907394182194e+01
-2.133352911845535260e+01
-2.133422565969204854e+01
-2.133122770743307939e+01
-2.132853610738455785e+01
-2.133015494749075813e+01
-2.133153307184061731e+01
-2.133208602298587309e+01
-2.133465648024780137e+01
-2.133669025105337624e+01
-2.133518990596025233e+01
-2.133433271847761148e+01
-2.133498822874322087e+01
-2.133239466292166142e+01
-2.133151254409996156e+01
-2.133425968672213102e+01
-2.133489018212990729e+01
-2.133525186221061176e+01
-2.133421860741987786e+01
-2.133096397266768207e+01
-2.133099887388743809e+01
-2.133973826913200611e+01
-2.133620210407773854e+01
-2.132624096410683023e+01
-2.133691852354566620e+01
-2.133493430611910213e+01
-2.132506503107960683e+01
-2.133978642322638919e+01
-2.133539739787548228e+01
-2.133462307083450327e+01
-2.133686298490645683e+01
-2.132434808205662335e+01
-2.132641933764584863e+01
-2.132217700490021173e+01
-2.132861076537487577e+01
-2.132846612620532412e+01
-2.133182167997065193e+01
-2.134162544437326048e+01
-2.132507522816231571e+01
-2.132009481182710076e+01
-2.131960858529068403e+01
-2.132633244642538983e+01
-2.132501835882543162e+01
-2.133524159399816611e+01
-2.134010755736358433e+01
-2.133080115924598275e+01
-2.132135366764501683e+01
-2.131408597835449115e+01
-2.132375401831867379e+01
-2.132449872961488069e+01
-2.133037723400071428e+01
-2.133535027238790960e+01
-2.133768896335852006e+01
-2.131610817331310770e+01
-2.131018100420456562e+01
-2.132409681339008500e+01
-2.132700952983535458e+01
-2.132146060831987100e+01
-2.132750969335059210e+01
-2.133103559322560017e+01
-2.131926027874028051e+01
-2.131389020533833190e+01
-2.131441852714458207e+01
-2.132682714426209003e+01
-2.132187383019515892e+01
-2.131636852541040383e+01
-2.132023966503767198e+01
-2.132197602016378113e+01
-2.132147915059789511e+01
-2.131587647448121459e+01
-2.131151533007643195e+01
-2.132171379657400578e+01
-2.131259022453276231e+01
-2.131595995030233581e+01
-2.131270742031045273e+01
-2.130965886844082036e+01
-2.132414005432573845e+01
-2.130607930552216089e+01
-2.130326647749678415e+01
-2.131601882344743615e+01
-2.131705875398348837e+01
-2.130848437976738197e+01
-2.130507950465852574e+01
-2.131222083396507117e+01
-2.130362260447059342e+01
-2.130667914239201366e+01
