-4.265562449235591025e+00
-4.265552044111724506e+00
-4.265556856978567346e+00
-4.265555045029474357e+00
-4.265554453871382101e+00
-4.265556992156930960e+00
-4.265561684129849596e+00
-4.265554384484873118e+00
-4.265558015079433218e+00
-4.265561576377411512e+00
-4.265550947509129998e+00
-4.265561374496942726e+00
-4.265560340468948830e+00
-4.265550789466577619e+00
-4.265554992571021664e+00
-4.265560222285241565e+00
-4.265549204320185694e+00
-4.265560195212147576e+00
-4.265555472013740967e+00
-4.265549097842023407e+00
-4.265559594251210562e+00
-4.265559068116387742e+00
-4.265550968682023658e+00
-4.265559785908043189e+00
-4.265558553484218862e+00
-4.265552565978541821e+00
-4.265557101379394922e+00
-4.265556875686534077e+00
-4.265553648242962126e+00
-4.265554511166556928e+00
-4.265557082812629908e+00
-4.265551202511790763e+00
-4.265554991728228273e+00
-4.265552407175682070e+00
-4.265555558663517211e+00
-4.265556495845518548e+00
-4.265553266479138017e+00
-4.265556639518100823e+00
-4.265555369379985251e+00
-4.265549178533525776e+00
-4.265552104888855389e+00
-4.265554086052869565e+00
-4.265552042094060248e+00
-4.265560925477972276e+00
-4.265549794158795649e+00
-4.265550487339745622e+00
-4.265558335762483111e+00
-4.265555008146396432e+00
-4.265548709078411882e+00
-4.265559977576157458e+00
-4.265553137417417595e+00
-4.265556261998646903e+00
-4.265561793641308164e+00
-4.265550894917126357e+00
-4.265552324728271394e+00
-4.265556343570962916e+00
-4.265553238994483465e+00
-4.265553636796698633e+00
-4.265558735773770316e+00
-4.265559652369727672e+00
-4.265554614536760880e+00
-4.265553373879929389e+00
-4.265555642199845288e+00
-4.265555662297498607e+00
-4.265549518269374119e+00
-4.265561182893450543e+00
-4.265561141714282911e+00
-4.265550488401117057e+00
-4.265556204935235129e+00
-4.265551743520239469e+00
-4.265554184560971684e+00
-4.265556127006613352e+00
-4.265552241219336516e+00
-4.265552077875189418e+00
-4.265555095523331453e+00
-4.265552475425144152e+00
-4.265559010548733987e+00
-4.265551069339147183e+00
-4.265551464259488945e+00
-4.265559229600752289e+00
-4.265555163347314327e+00
-4.265550902059467298e+00
-4.265559326716133803e+00
-4.265554739186149469e+00
-4.265558918084906281e+00
-4.265560578252597601e+00
-4.265555682674935234e+00
-4.265557222112229319e+00
-4.265551104284009298e+00
-4.265559514825421950e+00
-4.265556169361618188e+00
-4.265554334608079756e+00
-4.265559796019010363e+00
-4.265554524232622491e+00
-4.265552090195015467e+00
-4.265549717179233369e+00
-4.265553953148764954e+00
-4.265555218989852015e+00
-4.265552083691575014e+00
-4.265552839781613592e+00
