-2.137608294602997816e+01
-2.135516960839045453e+01
-2.132771526446942190e+01
-2.130963642200437391e+01
-2.133207036397251244e+01
-2.132806758479935283e+01
-2.132674656134102165e+01
-2.133986756802465834e+01
-2.134025940951022093e+01
-2.132810317519755827e+01
-2.131845898548584373e+01
-2.131745641844548800e+01
-2.132500190417290042e+01
-2.133019924758169950e+01
-2.132714354729550266e+01
-2.132945400106304490e+01
-2.132980482606392059e+01
-2.132637247301084571e+01
-2.132265151555332494e+01
-2.132310997096328364e+01
-2.132505330951832789e+01
-2.132586599162148389e+01
-2.132565319808722393e+01
-2.132758907273763427e+01
-2.132813861292458668e+01
-2.132571964465652670e+01
-2.132552315949571309e+01
-2.132356347260802210e+01
-2.132044750592260129e+01
-2.132129487177179072e+01
-2.132249304156796654e+01
-2.132458424582502943e+01
-2.132414864119477826e+01
-2.132209525971236985e+01
-2.131863288797042699e+01
-2.132017248603959914e+01
-2.131508044153302350e+01
-2.130950756615680675e+01
-2.132564038443970844e+01
-2.132325700159220716e+01
-2.131130342077498341e+01
-2.132360943354692395e+01
-2.131212908232594572e+01
-2.130689327831739277e+01
-2.130826490909902660e+01
-2.130563655675033985e+01
-2.131299413612710936e+01
-2.130689047938158254e+01
-2.131108226672582617e+01
-2.129555749114598839e+01
-2.129311708178761009e+01
-2.129861797023838221e+01
-2.129278110753257636e+01
-2.130204797238967984e+01
-2.130754564364452008e+01
-2.130257274386232780e+01
-2.128400503628759566e+01
-2.128986560735307165e+01
-2.128655194784283466e+01
-2.128421043372122057e+01
-2.129178060995706190e+01
-2.129909076719391336e+01
-2.129683293384405474e+01
-2.128092949125696620e+01
-2.127311714756104521e+01
-2.127617849003542716e+01
-2.127908778975370652e+01
-2.127424798239463399e+01
-2.128340378265348676e+01
-2.128781397390137542e+01
-2.127454759188356448e+01
-2.125970791440805030e+01
-2.126583312429058026e+01
-2.126601527293858851e+01
-2.126459097705018308e+01
-2.126293189489118518e+01
-2.126829957656026338e+01
-2.126599891118735286e+01
-2.125098239333357952e+01
-2.125286527486323251e+01
-2.125581770450571639e+01
-2.125020556751493572e+01
-2.124998869585771999e+01
-2.124468591020034580e+01
-2.124560033021709060e+01
-2.124988573768951028e+01
-2.124159078805624645e+01
-2.124453246600095824e+01
-2.123227382986973666e+01
-2.123089759695058376e+01
-2.123205169465496311e+01
-2.122320986414378652e+01
-2.123090598214718483e+01
-2.123619409132414759e+01
-2.122712565707007926e+01
-2.121552665647539015e+01
-2.121904581434268522e+01
-2.121449514040831374e+01
-2.120500667039852516e+01
-2.121380103589662269e+01
