1.645889820193067937e-06
2.511945704426026129e-05
1.060890179756065652e-04
2.072683334745634284e-04
1.250001090870530326e-04
2.273312532362111035e-04
1.253039736160513253e-03
2.819174797215529080e-03
4.972066330782717002e-03
6.411660697558499260e-03
6.535948610646002271e-03
4.876811986333601592e-03
1.435793009845876380e-03
7.031531045590907504e-04
8.398320681266819134e-04
6.441596169390607614e-04
7.108868681118551437e-05
5.200924067097504634e-03
4.076742790490034060e-03
1.260977723639202961e-03
5.221638499988350869e-03
3.238663230475992590e-03
1.228516364154264712e-02
1.291621164910092094e-02
1.739383116259547507e-03
4.990645338036481769e-03
2.791787945709977344e-03
6.022948989339484659e-03
1.122678713436308946e-03
6.477841247587441675e-03
9.730234228496929344e-06
5.180194995714422317e-03
2.362556528745046736e-02
2.169147790885941895e-02
2.426233094681065974e-02
6.678826751837906028e-02
5.152604547934103163e-02
7.937183616452540835e-02
8.442999418464006145e-02
1.096812052966824186e-01
9.654239590156124540e-02
1.123478668268138719e-01
1.517038663406846677e-01
1.595796168632672984e-01
1.709637834796288169e-01
1.863642326905553537e-01
1.910684442291452900e-01
1.970871996617688804e-01
1.945758278515675455e-01
1.837050651914771127e-01
2.030942422037834705e-01
1.971071489963544532e-01
2.682651835528482298e-01
3.124017545892822656e-01
3.479576627630050489e-01
3.959085403153930205e-01
4.725586343904266129e-01
5.299929553408313510e-01
6.328995720909987854e-01
6.681878374947683996e-01
6.953450594888165304e-01
7.263615387679911439e-01
7.969937812170906355e-01
7.196640719305799072e-01
7.854408675090261971e-01
6.641607135736902201e-01
5.979637867019165220e-01
5.778210032070021374e-01
5.748981685369911609e-01
5.930840283862824913e-01
5.160770577279359950e-01
5.598241800540720847e-01
4.947683910711766497e-01
4.519502939055173307e-01
1.288467614997546029e-01
1.095014152701711124e-01
1.540480841527933353e-01
5.765288803044619353e-02
5.866203573410826155e-02
2.021073448843046239e-01
4.717808531294841873e-02
6.090784309000708552e-01
5.901339591168742738e-01
3.472014320647721641e-01
1.935506012544489784e-01
1.614347799264440331e-01
5.500625649851312859e-01
1.211261424207251247e+00
1.997328452741730320e+00
2.091415451727980823e+00
2.378062980041467878e+00
2.235452183058746822e+00
2.101483300661442843e+00
2.146509393307478586e+00
1.845430086542726444e+00
1.881587743473527308e+00
6.055353255260257361e-01
1.655030463311188083e+00
1.743051247081937705e+00
1.816030512762482951e+00
