1.637391541988633038e-06
2.482708614682800795e-05
1.058391558269758083e-04
2.075391666090411450e-04
1.321927816099554664e-04
2.255276065728632512e-04
1.276381603158884426e-03
2.753628387396566801e-03
4.960187707827180999e-03
6.458976587682084373e-03
6.507435021734698025e-03
4.920946820270459023e-03
1.393364681305711951e-03
7.219155848576685368e-04
8.393038599679386678e-04
6.219732596443333260e-04
1.783731919100309520e-04
5.419462226051531550e-03
4.106191623912631115e-03
1.255677933299278971e-03
5.477115631593294440e-03
3.120131974397400820e-03
1.228985150691420947e-02
1.309392450847948752e-02
1.657061765951444452e-03
5.029113431749811236e-03
2.805243352859902554e-03
6.695141897552190496e-03
9.823670331617104061e-04
7.735805586537535666e-03
4.024543274398020582e-04
5.740536996585959666e-03
2.383344777875104348e-02
2.493338860903474355e-02
2.579138324570715360e-02
6.323584608701379728e-02
5.093238910581075057e-02
8.038131083878014005e-02
8.592694902261509282e-02
1.065784575971846504e-01
9.356476037237414223e-02
1.126620165177860816e-01
1.567325074608318658e-01
1.576843295495556074e-01
1.737504519392786828e-01
1.774168569387610250e-01
2.013756612142257596e-01
2.071292823822843410e-01
1.962416871673718088e-01
1.865351145212469086e-01
1.916619468655103853e-01
2.053236298286007511e-01
2.858048880551503079e-01
2.980261643256563731e-01
3.379402830580217620e-01
4.031993607419642744e-01
4.674986041709370266e-01
5.507805795236125901e-01
6.136694660798587275e-01
6.742893144962651686e-01
7.056485298047192600e-01
7.237759164608287277e-01
7.820759082476032020e-01
7.035118405317479784e-01
7.269610717675433209e-01
6.077466712120792591e-01
5.903953608552625631e-01
5.494326418919450727e-01
5.437981413029167044e-01
5.667034085280601152e-01
5.392949014650758599e-01
5.413936295236025931e-01
4.730419711741795097e-01
4.958689372265778217e-01
2.409620581243838155e-01
1.777579681161840439e-02
2.278817393717988415e-01
9.112364602891358245e-02
2.039807640167464256e-02
1.256473066684954051e-02
2.410363015761409489e-01
5.599670608448417131e-01
6.045926491547395365e-01
5.018083687378982471e-01
1.492239404270668257e-01
6.944800914773577305e-03
3.354647309733062022e-01
6.448085783765192813e-01
1.409473401277887117e+00
2.208868877379254414e+00
2.374335209254105461e+00
2.230565941664235385e+00
2.188224411415610415e+00
2.186928616828826222e+00
1.915528544287063983e+00
1.916120345859670948e+00
1.107861270879525906e+00
1.472030927323180416e+00
1.773999272600793597e+00
1.745894720677354517e+00
