1.979531189135817337e-04
5.924857442507202058e-04
1.881649371533017021e-03
3.931034201532576135e-03
6.537366464076131006e-03
9.451597065001243053e-03
1.240420765620673001e-02
1.513097763718979777e-02
1.739798795485938271e-02
1.902354368382433783e-02
1.989360137290864528e-02
1.996812946728156526e-02
1.927852613639003884e-02
1.791869859095336637e-02
1.603275321067422834e-02
1.380071821279727287e-02
1.142231984630634814e-02
9.099020831475748694e-03
7.015960347558043014e-03
5.326478832381949767e-03
4.141524839616290282e-03
3.524508262484728378e-03
3.490809822061763813e-03
4.010638126583129792e-03
5.014266303871342013e-03
6.399491844768358771e-03
8.040959508293648791e-03
9.800746442860081009e-03
1.153913990890809323e-02
1.312469283489168387e-02
1.444297061480820550e-02
1.540457992963325563e-02
1.595163045879769911e-02
1.606235831258410671e-02
1.575284736390680437e-02
1.507489573149970244e-02
1.410968048379161732e-02
1.295796533443450624e-02
1.172841897431825195e-02
1.052616650714089871e-02
9.442926045229456389e-03
8.549887279299584267e-03
7.893963692348158340e-03
7.497009142576717584e-03
7.357715044993110715e-03
7.455339271333879039e-03
7.754277188213434813e-03
8.208586572992671027e-03
8.766188406322848042e-03
9.373377657060496734e-03
9.979989157526942753e-03
1.054495325196122719e-02
1.104087658801272860e-02
1.145563895163096216e-02
1.178985475617323579e-02
1.205084679166124398e-02
1.224566102902036914e-02
1.237508275580568098e-02
1.243108514433291512e-02
1.239947614136584393e-02
1.226617846420544229e-02
1.202642132310282296e-02
1.169349885398451687e-02
1.130037743350434040e-02
1.089224299005708135e-02
1.051361188254325285e-02
1.019578783811344973e-02
9.950624653035349682e-03
9.773301832769651712e-03
9.650237040013821127e-03
9.568546992653210320e-03
9.523306735296079711e-03
9.519390876753871730e-03
9.567724456683813702e-03
9.679376124333262388e-03
9.858719818801247453e-03
1.009803058626253421e-02
1.037500751613083631e-02
1.065458030529805276e-02
1.089689636714182529e-02
1.106783980238695494e-02
1.115041044811274432e-02
1.115339087296246534e-02
1.111398872967417004e-02
1.108700737891401417e-02
1.112740234278690801e-02
1.126745949896714588e-02
1.149975401129605009e-02
1.177532461921245062e-02
1.201602318529160218e-02
1.213876465421402998e-02
1.208584065729718937e-02
1.184585371888599581e-02
1.145874939417510820e-02
1.099991021047785206e-02
1.054741716047848978e-02
1.014966395507673445e-02
9.809233941386214309e-03
9.491996262868297382e-03
9.156515839818916286e-03
8.785288615160546238e-03
8.404394374072619162e-03
8.082694600088828965e-03
7.914541142811469879e-03
7.988869008850332798e-03
8.358905785769414620e-03
9.021710039005689796e-03
9.913817781162471629e-03
1.092648654537594147e-02
1.193560323389457334e-02
1.283347712352275564e-02
1.354571325137013046e-02
1.403780933573748821e-02
1.430360628559395123e-02
1.434882595394464805e-02
1.418002953752995482e-02
1.380095053632385271e-02
1.321520606982302774e-02
1.242624280542946498e-02
1.144455162476770878e-02
1.029882058009815547e-02
9.046944808830751847e-03
7.783575368706703232e-03
6.635495022541076579e-03
5.744071687045892299e-03
5.238499601092728303e-03
5.207186803088943369e-03
5.682500642365073511e-03
6.634863225080841510e-03
7.980891264229038329e-03
9.596740949068680721e-03
1.133881509325412353e-02
1.306483659424141110e-02
1.464801252877523732e-02
1.597944440644546646e-02
1.696501261960716225e-02
1.752185484586105124e-02
1.757736001084894695e-02
1.707866016640669990e-02
1.600986901452186931e-02
1.441334858333774213e-02
1.240281333534012237e-02
1.016030647245791049e-02
7.914926414768526028e-03
5.905146714607318638e-03
4.340761449457819325e-03
3.372133900402561352e-03
3.072388663187975138e-03
3.437924780942895608e-03
4.404118071234725852e-03
5.865084615060600116e-03
7.691171704832756514e-03
9.740471919074756083e-03
1.186279744674527577e-02
1.390217742648283336e-02
1.570163520336220059e-02
1.711195831498742506e-02
1.800365523425274603e-02
1.828485636646917656e-02
1.792102941487423717e-02
1.694662407465329090e-02
1.546295683829460206e-02
1.362116638806944516e-02
1.159995191404414837e-02
9.584242594755017566e-03
7.744870851954499189e-03
6.223169497493684886e-03
5.125569905594871620e-03
4.521135278307935636e-03
4.441633964156933498e-03
4.883458386014769004e-03
5.805128873900638163e-03
7.128237443845064809e-03
8.736524251229661059e-03
1.048202264100099590e-02
1.219845045932013705e-02
1.372190841429369104e-02
1.491564504331655341e-02
1.568635521701826005e-02
1.598955614847611881e-02
1.582738771805192179e-02
1.524361698248486927e-02
1.431565159610335806e-02
1.314801324835063352e-02
1.186821254040230401e-02
1.061492800893391875e-02
9.521588749811868077e-03
8.695147657368259078e-03
8.195200703814848123e-03
8.029033747173099089e-03
8.157347042311262689e-03
8.510568319822654076e-03
9.008440650328896140e-03
9.574231593477025223e-03
1.013976375361274468e-02
1.064500986707849449e-02
1.103928349530501445e-02
1.128687362696547368e-02
1.137748423107000188e-02
1.133029289128536024e-02
1.119316745264953283e-02
1.102919009103103982e-02
1.089960784355248000e-02
1.084981901177282243e-02
1.089760953697134667e-02
1.103420385064807392e-02
1.123301180468428383e-02
1.146128367543455123e-02
1.169180124761661985e-02
1.190859687747655368e-02
1.210262176086230983e-02
1.226104578377228312e-02
1.235793633072991560e-02
1.235427521837639819e-02
1.220894721388275476e-02
1.189359878779630911e-02
1.140589874166413054e-02
1.077661410480242228e-02
1.006602437992528548e-02
9.352856470577465553e-03
8.719056814683271567e-03
8.235348204030143449e-03
7.953525512584136078e-03
7.905126392156109835e-03
8.101989737988240375e-03
8.535177853591268543e-03
9.176766904084494164e-03
9.979783565916321500e-03
1.088404344002934405e-02
1.182022286431753770e-02
1.271586717369219133e-02
1.349954841150796322e-02
1.410352784217852595e-02
1.447388311560966756e-02
1.457617856124537349e-02
1.439639074245530233e-02
1.394013992185416141e-02
1.322935562616561582e-02
1.230277010193730342e-02
1.122029496769772448e-02
1.006892884263324225e-02
8.957511692832688388e-03
8.002010747354595249e-03
7.302170796453666228e-03
6.920166462423636873e-03
6.874955152562449087e-03
7.137599409152060870e-03
7.646739859408449407e-03
8.327627231846891284e-03
9.108738514142162776e-03
9.932930026455928998e-03
1.076505411270826072e-02
1.158485922942096083e-02
1.237761373498215411e-02
1.311839629603158038e-02
1.376009607858303362e-02
1.424150028465406836e-02
1.449996061814620880e-02
1.449362229115985952e-02
1.421399069270720510e-02
1.368932687395259598e-02
1.298288260841846432e-02
1.217379892174220643e-02
1.133625701576620667e-02
1.052582017976869122e-02
9.772129356237318348e-03
9.082512954385807413e-03
8.456601700179713910e-03
7.897355476526543919e-03
7.423845234134350893e-03
7.075502613109453838e-03
6.910210413484756814e-03
6.994702190889811981e-03
7.390030480424411748e-03
8.133749805939696070e-03
9.221363881647435395e-03
1.059267647457389633e-02
1.213159251369631472e-02
1.367568620119755281e-02
1.504543151731490072e-02
1.607782446475399668e-02
1.666008795627458086e-02
1.674520913109828549e-02
1.635022165494862123e-02
1.553913134874622751e-02
1.439594317950744842e-02
1.300453282915289485e-02
1.144365360263424267e-02
9.792868711431177570e-03
8.146978247013617058e-03
6.626279996949428069e-03
5.373050343817123084e-03
4.535834708359748335e-03
4.239745359016174921e-03
4.556873673213570307e-03
5.487584643895350445e-03
6.952796800372375817e-03
8.806829724998304840e-03
1.085938709174360042e-02
1.290442138310707657e-02
