9.999999996861178575e-01
9.999999991416748113e-01
9.999999943127768631e-01
9.999999754783632788e-01
9.999999468438753869e-01
9.999998748127025827e-01
9.999997551548569508e-01
9.999995755988961843e-01
9.999991904288998423e-01
9.999987587564196367e-01
9.999982886924175807e-01
9.999974824539454854e-01
9.999966227732934865e-01
9.999951455472730899e-01
9.999935444765557513e-01
9.999926480310694643e-01
9.999916902391756679e-01
9.999902712947814631e-01
9.999894198684757818e-01
9.999883768135291451e-01
9.999870938825079492e-01
9.999857541574850295e-01
9.999839957838457805e-01
9.999828731522808489e-01
9.999820338449728618e-01
9.999803003899230269e-01
9.999787925703869096e-01
9.999767413178801689e-01
9.999744416218854237e-01
9.999722787807325819e-01
9.999706102894719839e-01
9.999690512344754367e-01
9.999670162609386459e-01
9.999637127647473811e-01
9.999618556718875562e-01
9.999593965783895033e-01
9.999562229185660067e-01
9.999528680150717719e-01
9.999504232138489712e-01
9.999471999459867977e-01
9.999433664706343095e-01
9.999392360266186053e-01
9.999345915352084724e-01
9.999293105455520081e-01
9.999242837191233413e-01
9.999193987779041448e-01
9.999148302705263003e-01
9.999092571097838444e-01
9.999037913981897452e-01
9.998992156421724342e-01
9.998938361363047811e-01
9.998874484401670815e-01
9.998821467228904414e-01
9.998731334828379058e-01
9.998651555492932275e-01
9.998583412635881906e-01
9.998528690033543498e-01
9.998431211891496417e-01
9.998354264256954504e-01
9.998277527967247558e-01
9.998205589860622577e-01
9.998138561150275994e-01
9.998065905649169416e-01
9.997992442246763645e-01
9.997918476812315269e-01
9.997837375439955210e-01
9.997777240220986350e-01
9.997698799371075307e-01
9.997612941280480392e-01
9.997525573586854009e-01
9.997455736395968184e-01
9.997364028175332873e-01
9.997267643806877491e-01
9.997161555464271210e-01
9.997040738267546356e-01
9.996947623773401181e-01
9.996850393734336704e-01
9.996759492353282095e-01
9.996674127041546010e-01
9.996538793123652678e-01
9.996408090937094482e-01
9.996262890752605212e-01
9.996122967347004229e-01
9.996022495077722114e-01
9.995878704335247056e-01
9.995736489855493456e-01
9.995572093601734487e-01
9.995438766889137572e-01
9.995257661049579134e-01
9.995072529508662873e-01
9.994871100691297139e-01
9.994709635160632377e-01
9.994566330817635791e-01
9.994389265588946580e-01
9.994218842956335003e-01
9.994033749774460240e-01
9.993844917639561620e-01
9.993657941667630773e-01
9.993442575033593123e-01
9.993253015091422276e-01
