8.184659653405439508e-03
7.641508398352058785e-03
6.424741630825125081e-03
4.845815119080106731e-03
3.422929093795435296e-03
2.217857344329776659e-03
1.663813445347421798e-03
1.330381382436320297e-03
1.153596629396293335e-03
9.878990484420749861e-04
8.850807416803144981e-04
7.022817138244202752e-04
6.976346987780484817e-04
9.221887622387329618e-04
1.095917868132704901e-03
1.010681466447349748e-03
8.653494196708184536e-04
7.108623699496354181e-04
5.360138528897748699e-04
5.789821641800832865e-04
8.756455801407371899e-04
1.178231156138997851e-03
1.166939558366374054e-03
9.256483269059473514e-04
6.483741978594348464e-04
5.278151767313240747e-04
5.825193884761613794e-04
8.038153724852885318e-04
9.699140821938438510e-04
9.993325803119362197e-04
8.451301856576906449e-04
6.625007805328757488e-04
5.619355331886441212e-04
6.070613800776181353e-04
7.891000665431967785e-04
8.616262071107199522e-04
8.239856130385522738e-04
8.072127492138582395e-04
7.659042047104875793e-04
7.438342102603160691e-04
6.896204476688083283e-04
6.445477782598737354e-04
6.826482628862613712e-04
8.072459985490741024e-04
8.399146060444276233e-04
8.389272397850825770e-04
8.219124638993268849e-04
7.478862784002937190e-04
6.924109078496470948e-04
6.393498695676960546e-04
7.223624936081233898e-04
8.168736142852553363e-04
8.827816646794130889e-04
8.012538861913222907e-04
7.721209725535155321e-04
7.853520863134230007e-04
7.265288366390884600e-04
7.501119372447671765e-04
7.502903930535203148e-04
7.627504971216514341e-04
7.869075376000141944e-04
7.872835136121844168e-04
8.634727273811295062e-04
8.949078730988489858e-04
8.661872563176383714e-04
6.598289174334010573e-04
6.289050466473558153e-04
