3.141592653589789119e+00
3.141592653587891970e+00
3.141592653490396625e+00
3.141592653058280060e+00
3.141592651532293612e+00
3.141592646389196997e+00
3.141592631098118815e+00
3.141592594210521394e+00
3.141592523107583190e+00
3.141592411289406250e+00
3.141592257048395620e+00
3.141592021013192237e+00
3.141591628781049916e+00
3.141590952834740325e+00
3.141589752919561995e+00
3.141588039592406734e+00
3.141586596152443178e+00
3.141588018486858314e+00
3.141588331422112468e+00
3.141569383151411099e+00
3.141549763223863145e+00
3.141556232176229813e+00
3.141566817527285504e+00
3.141461923809881096e+00
3.141401480793849732e+00
3.141509352520750031e+00
3.141378754408522767e+00
3.141089169212898824e+00
3.141157276035377421e+00
3.141446287378235613e+00
3.140705682151004652e+00
3.140518880808505386e+00
3.141309268344066652e+00
3.140542747774608401e+00
3.139794600220900733e+00
3.140466426648349962e+00
3.140945365326058614e+00
3.139432308302983810e+00
3.139429096928031626e+00
3.141041519687377992e+00
3.139998730269389693e+00
3.138761527738183066e+00
3.139287206310596989e+00
3.141441541714967922e+00
3.139069114280458539e+00
3.137602926469721609e+00
3.138782945309112726e+00
3.140776970134888657e+00
3.137076869339820995e+00
3.136340018135919117e+00
3.139643628885778082e+00
3.138398466023620159e+00
3.135304754439389718e+00
3.136732139304022393e+00
3.141447099681440314e+00
3.136358700663865129e+00
3.134732149217682284e+00
3.137781570530213671e+00
3.139598386317284717e+00
3.135004192198450834e+00
3.135047433497808900e+00
3.139919405868426328e+00
3.137122352351741306e+00
3.134270740948700507e+00
3.136754407910333775e+00
3.140714505312029559e+00
3.136129555040962913e+00
3.135788392556208670e+00
3.139445897129278240e+00
3.139024282631963203e+00
3.136553706842748035e+00
3.137640227472199506e+00
3.141048208001169684e+00
3.139146504948284733e+00
3.138565820465784917e+00
3.140167980594084085e+00
3.140999907747746622e+00
3.140029737955886802e+00
3.140210273481208514e+00
3.140646399161185709e+00
3.140834219492891322e+00
3.141029790127493726e+00
3.141560561495740700e+00
3.140687828244009161e+00
3.140231707294591779e+00
3.140873970827470441e+00
3.140728195943265355e+00
3.139280164794475692e+00
3.139203574604588987e+00
3.140665261241134321e+00
3.140593815146575984e+00
3.139762915473841343e+00
3.140580769858036803e+00
3.140929273403509026e+00
3.139789916484995391e+00
3.139860804126807015e+00
3.140708244067059507e+00
3.141519977672570185e+00
3.141383859797303391e+00
3.141515015192779092e+00
