3.951618974621373681e-04
7.832643368949288032e-03
2.450783929279265472e-02
3.733936125551695628e-02
3.783018253485170845e-02
2.723087290527004267e-02
1.394455976877495562e-02
7.038110062120739308e-03
9.986259104393213626e-03
1.943361858309500256e-02
2.854415520910658088e-02
3.170830732962992560e-02
2.793432136155704626e-02
2.095027493847978484e-02
1.569345856330206512e-02
1.466297519080261846e-02
1.733640373784606226e-02
2.122312726529629323e-02
2.399631164191862176e-02
2.511834776513810485e-02
2.476206806217495782e-02
2.261359093714432333e-02
1.957268375812959427e-02
1.802614960452175730e-02
1.856565249377561955e-02
2.009215867505809161e-02
2.223825982781546529e-02
2.399638718983521102e-02
2.331247513909240343e-02
2.088662109299943559e-02
1.991663264637133501e-02
2.108629507847470386e-02
2.227909651560555648e-02
2.220188159421931928e-02
2.084801886651954650e-02
1.884564259116106033e-02
1.824670183011889435e-02
2.078659819097017358e-02
2.483862570724892915e-02
2.669061618432200245e-02
2.476702541466768714e-02
2.040135264482889621e-02
1.612273262236096905e-02
1.440505040019335325e-02
1.681111606008511838e-02
2.290071634948376289e-02
2.948177171512589290e-02
3.163739357381212258e-02
2.635206144913193604e-02
1.631115458720500122e-02
8.705550249943794228e-03
9.615637961412293322e-03
1.910870994249558308e-02
3.086626222986010859e-02
3.646749122651615771e-02
3.165708349127993593e-02
1.948887976090263319e-02
8.140117362203436180e-03
5.543821048807462404e-03
1.395635541852324746e-02
2.789672209925342372e-02
3.732413478508433968e-02
3.518626792613577248e-02
2.301038843789171562e-02
1.002913813103545326e-02
6.036088379229864742e-03
1.324125147712884587e-02
2.518427324069283380e-02
3.303173437417306069e-02
3.187475748849144530e-02
2.347571840523188236e-02
1.505381284813689380e-02
1.285809093496315114e-02
1.678004594208248879e-02
2.234928120313006694e-02
2.556212171052463233e-02
2.506893296383139180e-02
2.242267258272723218e-02
2.064370241015500707e-02
2.060200657767063959e-02
2.049824210110240408e-02
1.977360784076975797e-02
1.997451880144474057e-02
2.140624292874526713e-02
2.248998909514410283e-02
2.267602021440817683e-02
2.232342951616472781e-02
2.127141383942365849e-02
1.996387186316550544e-02
1.987621734414712904e-02
2.150962692654234676e-02
2.327880116416425338e-02
2.284301621929341053e-02
1.998131249564683021e-02
1.747700719000611080e-02
1.837237088183607536e-02
2.278279560598372999e-02
2.752093072124006667e-02
2.784982996986429260e-02
2.164762779445217333e-02
