4.053906426598752333e-04
1.191160718959305420e-03
3.761113134125193547e-03
7.835004026426672930e-03
1.299311120815582754e-02
1.872950530756545273e-02
2.450785115931553015e-02
2.981422454418924950e-02
3.420400193326267324e-02
3.733960270749936416e-02
3.901382159728261634e-02
3.915784164281066460e-02
3.783234026447257481e-02
3.521226462382054390e-02
3.156562753960623358e-02
2.723114462465425767e-02
2.259030908437353879e-02
1.803502051632521752e-02
1.393239957272396357e-02
1.059305768234186651e-02
8.246440807883170798e-03
7.026746974979736216e-03
6.967069198539732611e-03
8.008726080582451168e-03
1.001211390052370032e-02
1.276966486058150885e-02
1.602530158621051637e-02
1.949826781223018557e-02
2.291104680542577210e-02
2.601026877045642394e-02
2.857744207870416275e-02
3.044301079626854367e-02
3.149500578585773258e-02
3.170369227224778541e-02
3.111583419024155361e-02
2.983785872797029004e-02
2.800866886414410395e-02
2.580438594829992383e-02
2.344323580430829335e-02
2.116110968866580233e-02
1.911753363883561541e-02
1.741847070650603957e-02
1.614458291482645524e-02
1.533707664364469814e-02
1.501067017270296677e-02
1.514995862876511445e-02
1.571718856230031047e-02
1.665128385289560420e-02
1.786195343051311113e-02
1.925834909372825532e-02
2.072121936087956140e-02
2.209457263166125784e-02
2.325747393526622631e-02
2.412684126740138879e-02
2.469501825485398427e-02
2.505398424416427350e-02
2.531861394053547265e-02
2.554609693569354079e-02
2.572835219068270174e-02
2.584557492988170946e-02
2.585960896736327896e-02
2.564610377686005194e-02
2.511705960589816211e-02
2.430752607766606399e-02
2.335221016146138417e-02
2.238363343494331748e-02
2.149399640482596574e-02
2.075558657992315759e-02
2.021014968164613901e-02
1.985922205270818086e-02
1.970281015437325145e-02
1.976709146648125692e-02
2.008285049102354058e-02
2.063375930049127227e-02
2.130513719670712458e-02
2.195751436014437008e-02
2.250488107813264360e-02
2.294975098880114306e-02
2.337223017598977215e-02
2.391336469389093722e-02
2.469155599253847200e-02
2.570380002595440416e-02
2.681585456093482644e-02
2.785224934736152402e-02
2.862183007994767436e-02
2.896470952151986022e-02
2.881586711399897194e-02
2.819535508351855846e-02
2.719795092881327481e-02
2.592668977353440596e-02
2.460368299184501062e-02
2.349320677343647024e-02
2.271677707395725054e-02
2.236855334909937376e-02
2.246680856630178802e-02
2.285790062670167710e-02
2.332513135097069590e-02
2.370025604235792560e-02
2.391771405373355197e-02
2.404750356549678614e-02
2.430899827170984739e-02
2.488973248171810759e-02
2.591092088371416136e-02
2.737180898812330287e-02
2.920173473399600983e-02
3.124298540781123013e-02
3.313630233987663321e-02
3.448903885910403755e-02
3.501815157555310254e-02
3.459647731573212148e-02
3.324773633752686752e-02
3.126784308839469784e-02
2.913786773867554913e-02
2.727238336046788891e-02
2.595804694522607647e-02
2.527232627985420699e-02
2.508850046970856340e-02
2.522557450637297194e-02
2.551318667617230584e-02
2.576684983873633872e-02
2.596103343321898294e-02
2.621250163227506480e-02
2.668802018013893829e-02
2.758322554168846086e-02
2.903333589089751587e-02
3.096556474628853195e-02
3.324327774330648744e-02
3.560322143719385490e-02
3.765827871540528005e-02
3.917335151843037711e-02
3.998203670436784041e-02
3.996094324388554941e-02
3.912290736634349564e-02
3.771066410458334683e-02
3.586375611992087542e-02
3.376867939287919729e-02
3.161111054475285176e-02
2.956265494822130080e-02
2.783971102814541965e-02
2.659888823590139673e-02
2.599028769337408118e-02
2.609233369932895119e-02
2.682556844734906853e-02
2.814863732220540538e-02
3.013868993119506179e-02
3.268819202644945854e-02
3.555709809718854419e-02
3.858475992897925089e-02
4.167363590907124937e-02
4.454803073843693895e-02
4.688004813764912182e-02
4.841324561101423285e-02
4.900688966039201677e-02
4.859190412699176953e-02
4.712645915098157001e-02
4.466552400503143172e-02
4.146073474032851980e-02
3.796422353832851204e-02
3.458349922923631414e-02
3.165519149044193625e-02
2.944420795158964044e-02
2.814218972731441504e-02
2.786123683516006366e-02
2.856590233724398686e-02
3.012935148589312995e-02
3.245140291934567323e-02
3.538862245396690032e-02
3.877843665350100277e-02
4.237728853215594338e-02
4.587917549503206516e-02
4.903066180235060578e-02
5.161848491962461871e-02
5.343481470035504888e-02
5.430251346789360944e-02
5.413388192821444456e-02
5.294480841310100772e-02
5.080287467100785825e-02
4.782634766063120768e-02
4.427365661183568779e-02
4.052082423746028450e-02
3.692355026518956418e-02
3.380933855150769496e-02
3.145025993737382564e-02
3.009605745848920044e-02
2.987491460997981907e-02
3.083661723022401713e-02
3.293262274505570630e-02
3.583725207785692923e-02
3.931102206278658251e-02
4.315395429113655368e-02
4.710577807354709989e-02
5.086568680444525370e-02
5.412313126119483453e-02
5.657815454596759608e-02
5.800100679519337721e-02
5.829822714043164655e-02
5.754262511751617737e-02
5.580481653413316145e-02
5.322817098927934421e-02
5.010362506609977729e-02
4.673850808459389938e-02
4.346219605701873157e-02
4.060058646230213508e-02
3.840964376000499669e-02
3.701474930712667089e-02
3.641458509159034573e-02
3.661985778898046995e-02
3.764029839456717319e-02
3.941138496140239589e-02
4.174649904374461151e-02
4.443623193853440956e-02
4.727089924395155851e-02
5.004404346812807436e-02
5.257505885020219427e-02
5.468239929071594396e-02
5.616276376588347219e-02
5.689411778647468498e-02
5.689344461348355697e-02
5.622676423939276802e-02
5.496831472816121611e-02
5.327270112171755834e-02
5.136253549102187677e-02
4.943241108117846228e-02
4.764308976263509354e-02
4.615271482668215075e-02
4.504692936262899572e-02
4.436620940611013530e-02
4.415433509021238212e-02
4.436122131091313481e-02
4.490506778317415737e-02
4.566970182501928210e-02
4.661223448249329770e-02
4.767606959113579457e-02
4.878816705541288989e-02
4.989089591262507728e-02
5.085837553098437880e-02
5.156250069955203852e-02
5.201700027884381683e-02
5.231728985065986492e-02
5.249463955030386764e-02
5.255811776414587300e-02
5.268847763356809821e-02
5.305835280088666561e-02
5.352669318947944621e-02
5.396219550861625081e-02
5.431115805425579257e-02
5.452707085669250553e-02
5.457652660597878125e-02
5.439742130055791325e-02
5.400246400690655868e-02
5.343901038876619491e-02
5.263260345995846023e-02
5.159001037202526341e-02
5.044411284068339718e-02
4.931130443106213068e-02
4.831320812324890746e-02
4.761322169034665208e-02
4.737713299053003535e-02
4.762497687198052887e-02
4.833285442499779538e-02
4.946614091534673463e-02
5.091748292943765186e-02
5.257849570619288482e-02
5.438658454661782216e-02
5.627574885149744244e-02
5.813139020684898739e-02
5.980367472139014318e-02
6.114600508587075822e-02
6.201174303339540561e-02
6.224617590070047335e-02
6.175595295564595411e-02
6.061443059296667268e-02
5.895296284509699003e-02
5.696620989742429142e-02
5.491133666404723890e-02
5.296421194156852863e-02
5.125768821811838016e-02
4.990762700440354305e-02
4.895328682656718833e-02
4.842540299765607514e-02
4.842384694205958962e-02
4.896289211016879861e-02
4.996882385367606982e-02
5.139268029705701402e-02
5.317784228151167802e-02
5.522877023024264087e-02
5.743501717483823210e-02
5.966391180988961374e-02
6.166510897007237979e-02
6.323513540682135226e-02
6.425879669937528682e-02
6.468677191711869057e-02
6.469299218614832370e-02
6.433069499303267769e-02
6.351097826096774313e-02
6.228551320263253643e-02
6.069935591682529274e-02
5.879733601768200035e-02
5.662649265331365367e-02
5.430180468610090738e-02
