2.010907980092491360e-04
3.063871828038732545e-04
5.811931074396441263e-04
9.938837014013687191e-04
1.481921485087182421e-03
1.933676279126030290e-03
2.195431320357221945e-03
2.283269866470719056e-03
2.387871153139720700e-03
3.062497403555584745e-03
4.853052438645310239e-03
8.457502310852002547e-03
1.345998705939606063e-02
1.944805820141292524e-02
2.514571290692668021e-02
2.934683144677823971e-02
3.125196492408373328e-02
3.226769845483475063e-02
3.166237770541819457e-02
3.192665523576513481e-02
3.241155289262616368e-02
3.403038816216245877e-02
3.599015903138576972e-02
3.960813101089862009e-02
4.539343970100837705e-02
5.553129164208948920e-02
7.221131460212906750e-02
9.485206361834844224e-02
1.224160361810100045e-01
1.513094330030429202e-01
1.785645108784713886e-01
1.936193818655734256e-01
2.088847458920407851e-01
2.112615184208524732e-01
2.049255157386793980e-01
1.996240171743470793e-01
1.942885586340780679e-01
1.889391469432054604e-01
1.955551276744263434e-01
2.196648393324171500e-01
2.536229728029004149e-01
2.926282200056928295e-01
3.534755273210661297e-01
4.090920586697079364e-01
4.405102895593457357e-01
4.354429811648644066e-01
4.303233332752161022e-01
4.167797398007221932e-01
4.094107435734862799e-01
4.098665731764297160e-01
4.026411851517117113e-01
4.041230527668046579e-01
4.131070077061347878e-01
4.316687950323503387e-01
4.052123538579591178e-01
4.271032802130156902e-01
4.151937001732117216e-01
4.260605614079525649e-01
5.056444320806326997e-01
6.053692311976970331e-01
6.979856373443086293e-01
8.268114274561664256e-01
9.191044067862498279e-01
9.972314101706674094e-01
1.101354401090404167e+00
1.113590386352383055e+00
1.162027718526280173e+00
1.161450731878289400e+00
1.183494024601691175e+00
1.190261599330090903e+00
1.303006472839243868e+00
1.383042421599575578e+00
1.432280618018307417e+00
1.576113667304813504e+00
1.610209316025494886e+00
1.582889277832909558e+00
1.567624473251283179e+00
1.159605082171926149e+00
1.174028104956454710e+00
1.200161872931724716e+00
1.497660612601019015e+00
1.661072550518448931e+00
2.032612434384077016e+00
2.042251423226997709e+00
1.946689482966897256e+00
1.652520910269645427e+00
2.039063447443321131e+00
2.118550431815671153e+00
2.135665036441594999e+00
1.837191257603433270e+00
1.412637303735535532e+00
1.303596889351036126e+00
1.366473051254634141e+00
1.598719949384428629e+00
2.026443378500251580e+00
3.047055600009868748e+00
1.767745327185091364e+00
1.979683592287015514e+00
1.904031897311823984e+00
2.736521753475966712e+00
