-2.137608297955117465e+01
-2.135517019422950824e+01
-2.132771954438161544e+01
-2.130965828520912098e+01
-2.133212436991032490e+01
-2.132820587251288558e+01
-2.132706708437991239e+01
-2.134045086609647157e+01
-2.134098582646375064e+01
-2.132931684856535881e+01
-2.132013938772307426e+01
-2.131968605411211115e+01
-2.132766260910315381e+01
-2.133281138947614153e+01
-2.133156728938032032e+01
-2.133350477818587621e+01
-2.133420858947220111e+01
-2.133129105176004359e+01
-2.132856283544917630e+01
-2.133009462056833527e+01
-2.133158478339128195e+01
-2.133211062088054533e+01
-2.133433657112141901e+01
-2.133634756154359025e+01
-2.133543007728840024e+01
-2.133498050909463828e+01
-2.133547613174424740e+01
-2.133271417362689704e+01
-2.133096008024587675e+01
-2.133208966677382179e+01
-2.133304447880134802e+01
-2.133651561477621428e+01
-2.133801757338811811e+01
-2.133391062863323029e+01
-2.133083038443895063e+01
-2.133566300639401447e+01
-2.133027733084945510e+01
-2.132384718290814973e+01
-2.134095466287123344e+01
-2.134194726447508828e+01
-2.132963299466937102e+01
-2.133938823425684461e+01
-2.133028346635734351e+01
-2.132706473012903103e+01
-2.133125708242090468e+01
-2.132520319821344401e+01
-2.133479832947229227e+01
-2.133364308241759844e+01
-2.133477781213569813e+01
-2.132330121102148723e+01
-2.131730945863371929e+01
-2.132843829974974525e+01
-2.132378978363912125e+01
-2.133179618386695608e+01
-2.133633272508584611e+01
-2.133642117960483020e+01
-2.132118851799563330e+01
-2.131944814732311499e+01
-2.132265476602025700e+01
-2.132417745854715463e+01
-2.133070512553465647e+01
-2.133345938963413957e+01
-2.133913804481148446e+01
-2.132381649503707877e+01
-2.131471490703582816e+01
-2.131688871026738497e+01
-2.132903392510742080e+01
-2.132211513157031391e+01
-2.132596572515938149e+01
-2.133767978670032406e+01
-2.132853564030978433e+01
-2.131125514381756858e+01
-2.131467993049390586e+01
-2.132360342961950295e+01
-2.132121383933457537e+01
-2.132167186273547088e+01
-2.132100842662091011e+01
-2.132767658993935811e+01
-2.131866758098999881e+01
-2.131344546908341187e+01
-2.131803985058252238e+01
-2.132035900216884983e+01
-2.131942588891134349e+01
-2.131426147135180926e+01
-2.131140490556518685e+01
-2.132431721110278033e+01
-2.131722884014537200e+01
-2.131779213144214680e+01
-2.130929256934084393e+01
-2.130251197535796948e+01
-2.131867674307197902e+01
-2.130551434453741422e+01
-2.130748005281203206e+01
-2.132115412821366718e+01
-2.131864132596276917e+01
-2.130551451050722633e+01
-2.130011222065056131e+01
-2.130888537603498278e+01
-2.130306940293229090e+01
-2.130755542172299855e+01
