3.141592653571427363e+00
3.141592653558341386e+00
3.141592653576810612e+00
3.141592653547456315e+00
3.141592653472561114e+00
3.141592653385034684e+00
3.141592653285514736e+00
3.141592653171376259e+00
3.141592653039061656e+00
3.141592652886251891e+00
3.141592652714858325e+00
3.141592652534187735e+00
3.141592652362938942e+00
3.141592652228847538e+00
3.141592652169248101e+00
3.141592652237490402e+00
3.141592652520906359e+00
3.141592653171692451e+00
3.141592652734620739e+00
3.141592650442248669e+00
3.141592646548839074e+00
3.141592640210343568e+00
3.141592630279839149e+00
3.141592615234429786e+00
3.141592593081961482e+00
3.141592561584500398e+00
3.141592518495702091e+00
3.141592461766062883e+00
3.141592390315624872e+00
3.141592304998108265e+00
3.141592209086740084e+00
3.141592109599550042e+00
3.141592014137488231e+00
3.141591935669875824e+00
3.141591885562691200e+00
3.141591873646111033e+00
3.141591907651018811e+00
3.141591985429087686e+00
3.141592089078045102e+00
3.141592181544837548e+00
3.141592215204676464e+00
3.141592119217376577e+00
3.141591806670298137e+00
3.141591205078048787e+00
3.141590245817971638e+00
3.141588893228744794e+00
3.141587162808078926e+00
3.141585143406522285e+00
3.141583001948286658e+00
3.141581038163930195e+00
3.141579718582752534e+00
3.141579515343130513e+00
3.141580890529840353e+00
3.141584318201292803e+00
3.141590222616076122e+00
3.141586641145355685e+00
3.141575927929525669e+00
3.141563427136342845e+00
3.141550142355828967e+00
3.141537718992613026e+00
3.141528186274517243e+00
3.141523368938175853e+00
3.141525287226667462e+00
3.141535895682346702e+00
3.141556240891209661e+00
3.141586420061432960e+00
3.141559901354333828e+00
3.141514505764487541e+00
3.141466598094145191e+00
3.141420925247256690e+00
3.141383556830160018e+00
3.141360682018837558e+00
3.141357300963233179e+00
3.141378018329012090e+00
3.141426044702185560e+00
3.141501126830410939e+00
3.141585057506159906e+00
3.141468225859116004e+00
3.141341586028558730e+00
3.141215051599785202e+00
3.141105619775331093e+00
3.141033010632052758e+00
3.141010608591767284e+00
3.141045735471178268e+00
3.141145212217934635e+00
3.141310573204027623e+00
3.141522921088962139e+00
3.141414420197306434e+00
3.141147788419182074e+00
3.140895027133334239e+00
3.140688208486373867e+00
3.140553467026965695e+00
3.140508732073806542e+00
3.140564026903305717e+00
3.140727740330494289e+00
3.140992930193545973e+00
3.141349561293005355e+00
3.141416068044463827e+00
3.140968986770797500e+00
3.140533680964523899e+00
3.140187620050861383e+00
3.139973677390829110e+00
3.139908394018763982e+00
3.140023581352629822e+00
3.140323379568438433e+00
3.140763168385610093e+00
3.141318697570311791e+00
3.141240297002826143e+00
3.140584366916945758e+00
3.139956254067832742e+00
3.139452989514328163e+00
3.139131123548862590e+00
3.138968995138204487e+00
3.138973916505082951e+00
3.139167581381228977e+00
3.139552694387333975e+00
3.140113509074414111e+00
3.140791042330788763e+00
3.141545493975498538e+00
3.140872915328583925e+00
3.140169778969108538e+00
3.139583067996688293e+00
3.139158179563661388e+00
3.138929609475791249e+00
3.138912035778326004e+00
3.139127553892603117e+00
3.139566563224907014e+00
3.140158534363964193e+00
3.140853868895002954e+00
3.141534400310859176e+00
3.140657263988811732e+00
3.139760054017769697e+00
3.138919604155308463e+00
3.138221953504647832e+00
3.137730840626915096e+00
3.137496316360391724e+00
3.137530750575067806e+00
3.137862606082093553e+00
3.138503895835418778e+00
3.139423037270649530e+00
3.140561696800588276e+00
3.141360031656116991e+00
3.140040704370543612e+00
3.138763504418030426e+00
3.137685416116223092e+00
3.136942988755352602e+00
3.136616846053546404e+00
3.136753895392674352e+00
3.137336571231167159e+00
3.138310127633550106e+00
3.139620318890761652e+00
3.141189416166213721e+00
3.140315038467831776e+00
3.138678617115521874e+00
3.137223010155958391e+00
3.136070838451400000e+00
3.135341279381568924e+00
3.135118861455727934e+00
3.135431437213047623e+00
3.136237014377369015e+00
3.137488408301248644e+00
3.139088276143035650e+00
3.140887573611110373e+00
3.140443963422686835e+00
3.138684023752803753e+00
3.137163449986596575e+00
3.135999038563377361e+00
3.135301942684148191e+00
3.135169639359808968e+00
3.135623692894847547e+00
3.136614731534522083e+00
3.138029658212664774e+00
3.139756730591859668e+00
3.141520293554427745e+00
3.139620085654462489e+00
3.137900135320425221e+00
3.136494658583978357e+00
3.135496037371302780e+00
3.134980314659180589e+00
3.135023369336249477e+00
3.135645859539097469e+00
3.136813300769859758e+00
3.138444946027478810e+00
3.140447711260540675e+00
3.140535043705106055e+00
3.138365797719496975e+00
3.136420393248677385e+00
3.134838557402971126e+00
3.133733709252170652e+00
3.133205845621384711e+00
3.133328243121716650e+00
3.134088733282302641e+00
3.135380468405364773e+00
3.137042101603223720e+00
3.138955673208157826e+00
3.141002486793246451e+00
3.140237503643867445e+00
3.138567005084839323e+00
3.137272119817834604e+00
3.136467890754076393e+00
3.136234814496834389e+00
3.136555492561318825e+00
3.137351843117797134e+00
3.138580423854687496e+00
3.140161751403996782e+00
3.141265779881541764e+00
3.139516697532118261e+00
3.137903827321570471e+00
3.136511957577070131e+00
3.135481887934409961e+00
3.134912273249577996e+00
3.134804736487398102e+00
3.135128277171291611e+00
3.135836284421291698e+00
3.136840347111544691e+00
3.138064237253578526e+00
3.139384610832925304e+00
3.140619894018303881e+00
3.141503187066703617e+00
3.140677625021569774e+00
3.140129866236268441e+00
3.139862649826623997e+00
3.139890832451782909e+00
3.140245124036376900e+00
3.140853497921606508e+00
3.141571268590321431e+00
3.140720174293451628e+00
3.139830271118766891e+00
3.139021896009127843e+00
3.138433090531029368e+00
3.138061282125730767e+00
3.137893358081534689e+00
3.137910575261374735e+00
3.138044418296248583e+00
3.138219337281958676e+00
3.138378728938644002e+00
3.138490848813078493e+00
3.138576030604271150e+00
3.138679923356390233e+00
3.138804094470019290e+00
3.138889176003675008e+00
3.138907335587191039e+00
3.138922301745048937e+00
3.138970041667126676e+00
3.139055835467195354e+00
3.139167103048511986e+00
3.139288090487124538e+00
3.139431792743364369e+00
3.139624480380796001e+00
3.139863081380551701e+00
3.140123013192922308e+00
3.140384425245744016e+00
3.140585799802882327e+00
3.140662600168967256e+00
3.140581286329493071e+00
3.140361087951044627e+00
3.140056703113296432e+00
3.139674440940114497e+00
3.139239624244381854e+00
3.138815800510185827e+00
3.138438545901663712e+00
3.138113744612414102e+00
3.137856301631115397e+00
3.137731848033974202e+00
3.137831896364580153e+00
3.138139478559061057e+00
3.138632831762469433e+00
3.139282316375986426e+00
3.139995479900160369e+00
3.140658536642856991e+00
3.141163164420830434e+00
3.141507575151543552e+00
3.141392133075607607e+00
3.141175872432772298e+00
3.141132442154147775e+00
3.141308000613582063e+00
3.141520702565715695e+00
3.141079832228053093e+00
3.140620481580489898e+00
3.140116636612899637e+00
3.139605779450517886e+00
3.139163633539183706e+00
3.138757972145095110e+00
3.138386644272558978e+00
3.138068015517562870e+00
3.137855811982338317e+00
3.137826677289002220e+00
3.137993661587836325e+00
3.138279307139076213e+00
3.138556896055609169e+00
3.138773217273297611e+00
3.138988921720911485e+00
3.139234893977539631e+00
3.139441027302137588e+00
3.139555432438692062e+00
3.139571022455619254e+00
3.139506068596467081e+00
3.139412987055778981e+00
3.139362147796504132e+00
3.139376969722550204e+00
