8.385216946706498808e-03
9.495296561650538869e-03
9.468346141025393500e-03
9.639632777445745343e-03
9.831917449341377388e-03
9.616235903087112791e-03
9.685913336105692745e-03
1.008855036891083759e-02
1.037935662158483673e-02
1.039476940469994358e-02
1.012079496479463721e-02
9.999452544516725799e-03
1.004000912811574622e-02
1.013419757060689784e-02
1.022755878940120877e-02
1.018815653639404753e-02
1.010677104381312030e-02
1.007383625791205030e-02
1.009780431704671369e-02
1.016365603310971644e-02
1.017337933440383424e-02
1.014107286463225913e-02
1.001437277181059689e-02
1.009784960852780009e-02
1.007440643428110690e-02
1.010110295779980891e-02
1.016007657125300202e-02
1.022296500813789887e-02
1.021840503748315532e-02
1.013057919592123303e-02
1.004224431577560410e-02
1.006510581568468600e-02
1.013226208462760305e-02
1.019826844899546746e-02
1.022215145200649523e-02
1.016096046002304236e-02
1.021860262938720058e-02
1.019449245263815383e-02
1.014832698065010370e-02
1.005717953207213924e-02
1.007680483539345577e-02
1.017984674878716703e-02
1.028157477383145890e-02
1.036988523469771842e-02
1.020579472968433446e-02
1.013752274856934664e-02
1.007040698372207305e-02
1.001916799800208271e-02
1.015992436076698646e-02
1.029355164555332755e-02
1.025797339869126239e-02
1.035156566712425001e-02
1.018384953431785041e-02
1.005555713446223791e-02
1.012945582351702442e-02
1.012341623933275467e-02
1.030066016569151054e-02
1.026878443520290972e-02
1.027429153674255281e-02
1.021376676026210586e-02
1.011928620276501822e-02
1.024014954292640223e-02
1.016056980530633154e-02
1.024705052423860452e-02
9.976552495341659693e-03
1.013709939880091601e-02
1.021965601527390771e-02
