1.355166336781090308e-04
2.465593787991080671e-03
9.647068007808791770e-03
3.886915832517820468e-02
5.401880451606255740e-02
6.754738220936257198e-02
7.340770816338577920e-02
4.996024480570750159e-02
1.161291763679250973e-03
2.789022961087079810e-01
7.156790162028796587e-01
1.315627743617308276e+00
1.882343761929677006e+00
3.016794369633144957e+00
1.543738202892248612e+00
2.072109763712333963e-01
1.874434591037672515e+00
2.422894051724658659e+00
5.679332826986339955e-02
2.707382304709247123e+00
