3.936606861806302149e-04
1.695012317347366348e-03
5.062811299675007426e-03
2.751591366677175188e-02
3.096857305265221516e-02
7.174371143617086499e-02
2.840313596380540373e-01
2.549942881183741017e-01
2.864504212983893794e-01
4.636082129137648611e-01
3.703289622218391974e-01
3.283042990461000343e-01
7.000637969122101012e-01
9.197623209382437270e-01
7.760128910761456833e-01
9.853223678379230410e-01
7.782205239258928042e-01
8.368196171192132660e-01
8.425146043112199390e-01
7.594575355776237435e-01
