1.516064738098930518e-04
1.044558790512697521e-03
1.529005009160487073e-02
3.156680696439730094e-02
3.769084581272182100e-02
4.900443552063490221e-02
7.492297724160122685e-02
9.835573955677663627e-02
1.171583985818253765e-01
1.406164444965758986e-01
1.759035743366267612e-01
2.071805680729039145e-01
2.533470001378521075e-01
2.861143405103976911e-01
3.366905429987773202e-01
3.877809130778682722e-01
4.470643717005284290e-01
5.110528749673868276e-01
5.640390171212099624e-01
6.525066509219916711e-01
7.324268536355751369e-01
8.040019768585171533e-01
9.037438746441112114e-01
1.005895202130461463e+00
1.090221469911926144e+00
1.190286231901555247e+00
1.292655507847531693e+00
1.404632395299589387e+00
1.505100168442897290e+00
1.606556172120958470e+00
1.707100580751462093e+00
1.814769025507249500e+00
1.903620262790968187e+00
2.018539307924667181e+00
2.096775720734397996e+00
2.216493677779166394e+00
2.338520699325076890e+00
2.462253973325763123e+00
2.605657591512663629e+00
2.761384692574790023e+00
2.927413282303725772e+00
3.092645144714906813e+00
3.033446892809438467e+00
2.868026720931118323e+00
2.701708333274943197e+00
2.539342721094979716e+00
2.392945981711806613e+00
2.249269746131818071e+00
2.095945272627929068e+00
1.957699645172823910e+00
1.784585898010219829e+00
1.586882791454823138e+00
1.379287055764718106e+00
1.164032581988016846e+00
9.232381194544386771e-01
7.424322643788993092e-01
5.482147437408408930e-01
3.539344596301988721e-01
1.773364647253852511e-01
1.156648387397073846e-02
2.165420650813999759e-01
4.256355190150843959e-01
6.903728713215078194e-01
9.474001821431201620e-01
1.194177467207999221e+00
1.431756981680861074e+00
1.637151068116279085e+00
1.839614067812928244e+00
2.061894146679370987e+00
2.306673256958806206e+00
2.566425864520318623e+00
2.846095185730693977e+00
3.140512590629513046e+00
2.872656508886364701e+00
2.633021398194146379e+00
2.410513697279308420e+00
2.149327535001730460e+00
1.885364041226162302e+00
1.562473651565584154e+00
1.238807399578015778e+00
9.436121086104023448e-01
6.727049982074820855e-01
4.107476540680250476e-01
1.652576899260690402e-01
1.526131222344848104e-01
4.803845463524170634e-01
8.299292257177742771e-01
1.148345204071413939e+00
1.435296968848267962e+00
1.710682016117521131e+00
2.004883458447762390e+00
2.363470962841057954e+00
2.731359565391016986e+00
3.086301339477470318e+00
2.883185394042536487e+00
2.583064160701958656e+00
2.256390067069962146e+00
1.908579875475250986e+00
1.495511770055700573e+00
1.139626876623430984e+00
