9.999999999835242903e-01
9.999999997241357796e-01
9.999999962618946192e-01
9.999999852039086479e-01
9.999999722298146265e-01
9.999999154682074343e-01
9.999998141299633048e-01
9.999997398552340488e-01
9.999996920434944814e-01
9.999995806414896382e-01
9.999994423925869791e-01
9.999993094353842871e-01
9.999990971610217549e-01
9.999989663181843014e-01
9.999988702638695770e-01
9.999987985730001139e-01
9.999986616113087923e-01
9.999985420928113600e-01
9.999984726437043392e-01
9.999983635656372050e-01
9.999981777436721675e-01
9.999980653164793898e-01
9.999979962515247456e-01
9.999979428725082053e-01
9.999978148462107530e-01
9.999977814432637890e-01
9.999977077801043279e-01
9.999976293273935557e-01
9.999975493159244389e-01
9.999975146530799552e-01
9.999974073395321295e-01
9.999972759445561188e-01
9.999971622116534675e-01
9.999970627922644129e-01
9.999969033473402602e-01
9.999967949326031835e-01
9.999966670418550807e-01
9.999964887836469973e-01
9.999963709590904415e-01
9.999962819546679427e-01
9.999961518578897035e-01
9.999959913436722303e-01
9.999958795067727113e-01
9.999957964927475018e-01
9.999956383985029174e-01
9.999954316982260227e-01
9.999951956397532538e-01
9.999950196983358186e-01
9.999949179141500721e-01
9.999948039228139240e-01
9.999946555736125564e-01
9.999945037791185820e-01
9.999943585850152861e-01
9.999942326336830334e-01
9.999941118999623457e-01
9.999940102945406029e-01
9.999938750407670884e-01
9.999937565168546261e-01
9.999936542037100029e-01
9.999935381749456287e-01
9.999933517951986595e-01
9.999931965221622310e-01
9.999930656602812329e-01
9.999929652583551265e-01
9.999927783476239007e-01
9.999926362385460621e-01
9.999925126267976694e-01
9.999923445682414869e-01
9.999921410412613287e-01
9.999919803387664619e-01
9.999917713609225434e-01
9.999915889627666310e-01
9.999914085236231154e-01
9.999912389000094048e-01
9.999910566005223433e-01
9.999908257961533931e-01
9.999905174593066715e-01
9.999902994762901454e-01
9.999900477111280939e-01
9.999897758130740222e-01
9.999895785801260484e-01
9.999892560563334865e-01
9.999890000693241188e-01
9.999887653285781663e-01
9.999885089599405141e-01
9.999880602229533899e-01
9.999878003232954837e-01
9.999875967928082421e-01
9.999873829076478815e-01
9.999870526471809073e-01
9.999867641701860599e-01
9.999864616655376182e-01
9.999862085809176904e-01
9.999859564894705288e-01
9.999856362469662363e-01
9.999854176962676977e-01
9.999851204429140994e-01
9.999848462137409522e-01
9.999845268988194480e-01
9.999843104429501084e-01
