1.178258934828327886e-01
9.075636807865328226e-02
8.872075363531195524e-02
1.258344183355076806e-01
9.523658685021496595e-02
1.076469244483225784e-01
1.195551298192720768e-01
1.223465316712827322e-01
1.194291362130602829e-01
7.986890750791464377e-02
1.173920103695815786e-01
9.385422643346541527e-02
1.323061964981734340e-01
1.165057921261404283e-01
9.836544426416982123e-02
1.381969538720771995e-01
1.049151278259420339e-01
6.940860250239144769e-02
1.194861924630817862e-01
9.328689613425300564e-02
8.205342670067350408e-02
7.526297445833940447e-02
8.626095776642928037e-02
1.057643145131496043e-01
1.133925212427171481e-01
9.050607353537387656e-02
1.185444233715029494e-01
1.141557455286804634e-01
1.271375554215916637e-01
1.252754994237821329e-01
1.151513276072668734e-01
8.411276942904888365e-02
1.210565054363164084e-01
8.329374360583297054e-02
9.385306564295559095e-02
1.188978729193023165e-01
1.128218855932727749e-01
1.010409558922408246e-01
8.981514006876112344e-02
1.192742838161059415e-01
1.009449103834854089e-01
8.718611081446092648e-02
1.090401618876574164e-01
1.060248160356860314e-01
8.313653263624221079e-02
1.108407892622754742e-01
1.106123138263894745e-01
1.179966537189751641e-01
9.451063456603203683e-02
1.080783272767367187e-01
8.466496720990290825e-02
9.024575460208594802e-02
9.606019571025425918e-02
1.207778381398578738e-01
9.941980977166953171e-02
9.696439665740497205e-02
1.130236813120562012e-01
1.123516350324150759e-01
1.056602958082923926e-01
9.184557432008721989e-02
1.329887829719953452e-01
1.031826935187991623e-01
1.225006406018650518e-01
1.140559957425512083e-01
1.135865263918719448e-01
1.169034755850572038e-01
1.136028343460818713e-01
8.942150750609356713e-02
1.264776888128108512e-01
7.935544719406228964e-02
9.432277970404834289e-02
9.976952229573643471e-02
7.750263034614801594e-02
7.595228700017697676e-02
1.166811390791216985e-01
9.385559330701676028e-02
1.256928741338235733e-01
1.072808243208517309e-01
9.941068846183431784e-02
1.108842011543534900e-01
1.121522509173824567e-01
1.161998487397440938e-01
9.393153559114619799e-02
1.146188367345573056e-01
1.303805560855995083e-01
1.160437347041562983e-01
1.236735257985812630e-01
1.127584302724864429e-01
9.206177181423147449e-02
1.004823709517210784e-01
9.428513929820891981e-02
1.159702557141824020e-01
1.252662005433202719e-01
1.257061837856821018e-01
1.311514511393389038e-01
1.027746742769313215e-01
1.028916871030991498e-01
1.046183757048929630e-01
1.293483618713594518e-01
1.101334456673830342e-01
