1.887622100873921349e-01
1.754421282738156673e-01
1.612574505797222946e-01
1.476669416483148423e-01
1.360667999940197159e-01
1.276412471652528247e-01
1.232358102194824889e-01
1.232810033962284946e-01
1.277557911640802013e-01
1.361895189756228142e-01
1.477082431145926300e-01
1.611208020782447514e-01
1.750305043330966370e-01
1.879812992582907683e-01
1.986250220759228080e-01
2.058816385956454553e-01
2.090917414583705058e-01
2.081033491605723817e-01
2.032604974413187993e-01
1.953088546173743500e-01
1.852554659226611777e-01
1.742173348646156583e-01
1.632804325842074356e-01
1.533911820395298387e-01
1.452821562010717660e-01
1.394374119961867553e-01
1.361018124420583231e-01
1.353064024999127701e-01
1.369211274623874930e-01
1.406886628999685085e-01
1.462337140098292076e-01
1.530691802136692203e-01
1.607171806580554030e-01
1.686520629982761754e-01
1.763075157709101948e-01
1.831024469788846698e-01
1.885284655310262014e-01
1.922775704649659634e-01
1.942005431608816446e-01
1.942363430333599039e-01
1.924024932794545784e-01
1.888207865473096048e-01
1.837298728960710115e-01
1.774969412119965506e-01
1.706378073781619209e-01
1.637568950815685431e-01
1.574509224845177524e-01
1.522289262847503766e-01
1.484365694303186878e-01
1.461367122215115888e-01
1.452372323440097590e-01
1.456918529765779402e-01
1.474278369156943880e-01
1.503768209808412637e-01
1.545184203394799338e-01
1.598171130215134683e-01
1.661224475453123572e-01
1.730697023501538423e-01
1.800735703289758627e-01
1.864686012273140125e-01
1.916188818471158406e-01
1.949927628821175318e-01
1.961711896142365186e-01
1.949625234105101246e-01
1.914900730980193533e-01
1.861526176289831636e-01
1.795310862360444126e-01
1.722623772771901818e-01
1.649566165155635922e-01
1.581116598683457442e-01
1.520943914121332119e-01
1.471983145695261452e-01
1.436690912073068649e-01
1.417289912775587801e-01
1.415818831929763766e-01
1.433965876564479158e-01
1.472586575957371968e-01
1.531326736668700006e-01
1.607716506593201977e-01
1.696736090614507919e-01
1.791139413376772183e-01
1.882093015861915353e-01
1.960398430122983759e-01
2.018296340653370491e-01
2.050200663122380140e-01
2.052713911251685674e-01
2.024886291251699610e-01
1.968809360119379015e-01
1.889406679237057851e-01
1.793151221407780493e-01
1.687441505668425545e-01
1.580150372973437856e-01
1.479296160232492774e-01
1.392880628945699639e-01
1.328629616651700873e-01
1.293798374340116020e-01
1.294123132025893907e-01
1.332169079513126908e-01
1.406232663180677633e-01
1.510700925942297657e-01
1.636858003263715888e-01
1.773156870096967985e-01
1.905800411498762559e-01
2.020368350107190070e-01
2.104028396569698200e-01
2.147457693659957645e-01
2.145785816387277833e-01
2.099039872030072917e-01
2.012378790071108758e-01
1.896108266253612173e-01
1.763957117169761002e-01
1.630235704248711448e-01
1.508239313652046665e-01
1.408724862224813856e-01
1.339669225805407704e-01
1.305861959026671792e-01
1.308412715224180900e-01
1.345399104750338859e-01
1.412687885193133486e-01
1.504437240195475312e-01
1.612973368762420368e-01
1.728951726464510452e-01
1.841910559812989234e-01
1.940491910922230723e-01
2.014867103638489088e-01
2.059141006147759967e-01
2.070838279735756071e-01
2.050677695670918288e-01
2.002929824173769191e-01
1.934269447484756599e-01
1.852676849331961195e-01
1.766384445713181650e-01
1.682569329507093148e-01
1.606968020544984332e-01
1.544107053988880152e-01
1.496977661281465588e-01
1.467373007505157201e-01
1.456400483468837104e-01
1.464402152781425492e-01
1.490157318480421766e-01
1.531219713682602235e-01
1.584504688367320835e-01
1.646115097198571631e-01
1.710805383954530079e-01
1.773241009877795094e-01
1.829222350147904352e-01
1.875310285888763806e-01
1.909524135013367374e-01
1.931085584513826392e-01
1.940010926909149225e-01
1.936486366517802260e-01
1.920536301914432809e-01
1.892660636357018644e-01
1.854099109682894042e-01
1.806160233375555535e-01
1.750557324578548846e-01
1.690515823211227175e-01
1.630322876141977462e-01
1.574492669461023953e-01
1.527481892388674600e-01
1.493674951247010441e-01
1.477308120942560921e-01
1.481537157134679150e-01
1.507749480130808895e-01
1.554190210360210100e-01
1.616426285757716075e-01
1.689377302974842676e-01
1.767388158176753654e-01
1.844387980932724602e-01
1.914113067489953135e-01
1.971177355890061378e-01
2.010230505165943038e-01
2.026323577456414782e-01
2.018098430106999297e-01
1.987121372994956614e-01
1.936676997799848809e-01
1.871353216538055309e-01
1.797460529876887536e-01
1.719962076953167607e-01
1.642428457676601283e-01
1.568744345914018234e-01
1.503708124263217760e-01
1.452879128940258724e-01
1.422031366463332169e-01
1.415948538051259309e-01
1.437217936671418839e-01
1.486416851137476458e-01
1.562095782431695001e-01
1.659017936560552853e-01
1.767936960865784668e-01
1.877455175847784208e-01
1.976711807928716036e-01
2.056621139814303056e-01
2.109610248539556254e-01
2.129141385824211419e-01
2.112044120177491990e-01
2.059283959916354823e-01
1.975655590256979455e-01
1.868840383666384719e-01
1.748737399623081501e-01
1.626933398043421963e-01
1.514826070155459448e-01
1.422220222227886799e-01
1.356792269169903031e-01
1.324646028293322564e-01
1.329617980422818091e-01
1.372668189054745413e-01
1.451051396384160919e-01
1.557526646408681215e-01
1.681179966319874541e-01
1.809546137887738659e-01
1.930658749892458781e-01
2.032912362704945020e-01
2.106169557901320655e-01
2.143717691979700746e-01
2.142682961246314965e-01
2.103787990086654069e-01
2.030839447353486316e-01
1.931261842136529072e-01
1.815511494533288417e-01
1.694690896779483813e-01
1.579366363200247481e-01
1.479853375288467943e-01
1.405216035168435074e-01
1.361640975048915569e-01
1.351658780485015532e-01
1.374077171890031313e-01
1.425284244191373784e-01
1.499885302769338180e-01
1.590730718397688204e-01
1.689553025750073489e-01
1.787825501328325073e-01
1.877340423930673463e-01
1.950628743080065064e-01
2.001979986368072062e-01
2.028293170889238217e-01
2.029153566089452188e-01
2.006509537177686431e-01
1.963497197760624147e-01
1.904871605621921704e-01
1.837425081487119582e-01
1.767687259672552358e-01
1.700081076542377945e-01
1.638122471615165443e-01
1.585299046550041613e-01
1.544225548727630182e-01
1.515921536423997518e-01
1.500128553071011783e-01
1.496903038458382573e-01
1.507166173352679772e-01
1.531276402118084690e-01
1.568883676762730106e-01
1.618788280179482841e-01
1.678454203040213866e-01
1.744555430398572193e-01
1.812949911711909667e-01
1.878445399095142188e-01
1.934581117366047653e-01
1.975522600120368510e-01
1.997007888126093311e-01
1.996280237844519911e-01
1.972998027727858039e-01
1.929323200456839471e-01
1.869714349017517208e-01
1.799957692184148694e-01
1.725573987044944912e-01
1.651983156582914614e-01
1.583980781118171643e-01
1.525189178670238732e-01
1.479503351304850556e-01
1.450994299263907994e-01
1.442214375834343087e-01
1.454618958700331088e-01
1.488723213929745715e-01
1.543400332332502956e-01
1.615392926048095923e-01
1.699630030546207538e-01
1.789445627676230499e-01
1.876500262603115754e-01
1.952913024228357664e-01
2.012113782091368153e-01
2.049155383508330930e-01
2.061683813881485250e-01
2.048364189687520431e-01
2.009901111495996373e-01
1.948792499107593335e-01
1.868617477430919438e-01
1.775402147737874525e-01
1.676618118083896825e-01
1.579938506095873718e-01
1.493426889067024366e-01
1.424479007632847294e-01
1.378391704948453977e-01
1.360340792145869893e-01
1.374497834241193983e-01
1.422408353227428979e-01
1.501887843289338997e-01
1.606632458871232183e-01
1.726661838762393320e-01
1.850165821486229323e-01
