1.844863280058858457e-15
1.070748028083383604e-10
4.018511216313395874e-10
1.270697534696527747e-09
3.606497275250244330e-09
9.376748619953235306e-09
2.259410021592763983e-08
5.098796897282252412e-08
1.082394458802886984e-07
2.179413002734279881e-07
4.130171620394581337e-07
7.406846262359670585e-07
1.221498423810530456e-06
1.939720907175707207e-06
3.132715876972617525e-06
4.668856136445781170e-06
6.350106652698543387e-06
5.609037319165225166e-06
4.547167671134858228e-06
2.382524777568793343e-05
4.635954203271498448e-05
4.198432488839734332e-05
2.377383535867036036e-05
1.415932271260300851e-04
2.142411908400991191e-04
1.038798946754221797e-04
2.241557926458828741e-04
5.505156093481292567e-04
4.961004684970639214e-04
1.155489712698297671e-04
9.204163886332338484e-04
1.157522680799879817e-03
3.343807593941430616e-04
1.114691855058528008e-03
1.985819844888821444e-03
1.321183215210999058e-03
5.911112688426913399e-04
2.291884089311095087e-03
2.372624691007091651e-03
6.410513456675625112e-04
1.733697861749718865e-03
3.149315449960244599e-03
2.626933533218560150e-03
2.792697775894029274e-04
2.668046586226323000e-03
4.284369290086138815e-03
3.026740791017298090e-03
8.731113762495361754e-04
4.887512258511576835e-03
5.757793302962450031e-03
2.267342223060717348e-03
3.295897880152150704e-03
6.745554844837022349e-03
5.339826647804976970e-03
3.979752526663613412e-05
5.615227124573544601e-03
7.469829249148939206e-03
4.187010215386728976e-03
2.143645449972348890e-03
7.182080849519129062e-03
7.190041335108220133e-03
1.930249371275395828e-03
4.816501554958823629e-03
7.999618449041354454e-03
5.321404707566629484e-03
9.394939821951285184e-04
6.013559403558261379e-03
6.426324141822536105e-03
2.392794493711042705e-03
2.790131677645692979e-03
5.454276812592567109e-03
4.129379023014371521e-03
3.372813975781378229e-04
2.876352633418882004e-03
3.407072416785107433e-03
1.575429374443375547e-03
6.225316371919433671e-04
1.575688114178535335e-03
1.286906726019322557e-03
7.406792794791937492e-04
5.445202374634150857e-04
4.173535524776604902e-04
1.339470397061907924e-04
1.012082069243129111e-03
1.498608016212105458e-03
9.107989868738697228e-04
6.292884405352312154e-04
2.099376195483224680e-03
2.277834414105592981e-03
8.649736683360069803e-04
1.073352477453432549e-03
2.008569554859680750e-03
1.310585288286451313e-03
2.691400345410985663e-04
1.425050293991781845e-03
1.500729885214653440e-03
8.135270819691387033e-04
7.729701192875118826e-05
2.815994144062209260e-04
3.057196160258434325e-04
