-4.113385286170895938e+00
-4.115912481283069191e+00
-4.122438586069718802e+00
-4.087097644761805704e+00
-4.119515471104969961e+00
-4.116171478445989962e+00
-4.105094582206470832e+00
-4.077542059859831092e+00
-4.111077719681731857e+00
-4.129567804340329218e+00
-4.090154674346679897e+00
-4.117991739648004135e+00
-4.103334272254204329e+00
-4.093182704253520932e+00
-4.113805513509005252e+00
-4.084324088532627961e+00
-4.108359215731328007e+00
-4.124658116191122659e+00
-4.110374128927525739e+00
-4.112662874483562270e+00
-4.114544088463470750e+00
-4.120685125877434629e+00
-4.114899699976352743e+00
-4.109682163186088033e+00
-4.103809922260260201e+00
-4.122904847504027970e+00
-4.091384092313255394e+00
-4.101612706287583343e+00
-4.097378921535993257e+00
-4.093012945104612221e+00
-4.093925125346928873e+00
-4.118068439015572402e+00
-4.079641111420404975e+00
-4.127774356997426786e+00
-4.110484603137219750e+00
-4.093551766097670352e+00
-4.108654376638764205e+00
-4.098232726378428836e+00
-4.100810595540485437e+00
-4.106149017822741776e+00
-4.100891091060593574e+00
-4.121328611412205412e+00
-4.109666691610017963e+00
-4.110493341113241605e+00
-4.119664977808594308e+00
-4.110844005576009152e+00
-4.113820979088192331e+00
-4.104555987625049696e+00
-4.111282028623066687e+00
-4.111099776047022480e+00
-4.121143010840137677e+00
-4.117716968309941272e+00
-4.109053940913241831e+00
-4.093934122711514689e+00
-4.093595085870788353e+00
-4.111713359145127811e+00
-4.111368615126536952e+00
-4.109196784303676964e+00
-4.104832870414779400e+00
-4.122069590743766554e+00
-4.097819330990007280e+00
-4.115069001496857837e+00
-4.097079889038012013e+00
-4.096473197653479836e+00
-4.101820756255910361e+00
-4.101062669428938712e+00
-4.097004737668298091e+00
-4.115590219037663644e+00
-4.086402337900909565e+00
-4.130523094637630344e+00
-4.109683342179726750e+00
-4.116044516147831622e+00
-4.133359251364999487e+00
-4.128532016053822140e+00
-4.105386047113692705e+00
-4.110661734533542777e+00
-4.097725092717834805e+00
-4.100419751940042268e+00
-4.110337606613247985e+00
-4.098807162756784805e+00
-4.105220813816383263e+00
-4.107840397757509088e+00
-4.110287500171441621e+00
-4.104622036806126140e+00
-4.091032138781341310e+00
-4.104566355960887591e+00
-4.089951626754846359e+00
-4.096321031663610057e+00
-4.109478023546937031e+00
-4.108652734619205660e+00
-4.123267001689931099e+00
-4.095089527949398622e+00
-4.102802565440013538e+00
-4.095840719772876781e+00
-4.103112942508611916e+00
-4.106871238233711807e+00
-4.095477047827020378e+00
-4.099152955363598139e+00
-4.103044740697669113e+00
-4.108381192297937190e+00
