9.999999999999766853e-01
1.000000000000007550e+00
1.000000000000058620e+00
1.000000000000121458e+00
1.000000000000184519e+00
1.000000000000326850e+00
1.000000000000472511e+00
1.000000000000589750e+00
1.000000000000775602e+00
1.000000000000969225e+00
1.000000000001150635e+00
1.000000000001388223e+00
1.000000000001635803e+00
1.000000000001934897e+00
1.000000000002209788e+00
1.000000000002542189e+00
1.000000000002891021e+00
1.000000000003146150e+00
1.000000000003555600e+00
1.000000000004034995e+00
1.000000000004319656e+00
1.000000000004847900e+00
1.000000000005162759e+00
1.000000000005683454e+00
1.000000000006187717e+00
1.000000000006629142e+00
1.000000000007065459e+00
1.000000000007720047e+00
1.000000000008266499e+00
1.000000000008821166e+00
1.000000000009451995e+00
1.000000000010138335e+00
1.000000000010861534e+00
1.000000000011554535e+00
1.000000000012277290e+00
1.000000000012945423e+00
1.000000000013768986e+00
1.000000000014578339e+00
1.000000000015154322e+00
1.000000000015947466e+00
1.000000000016803003e+00
1.000000000017706503e+00
1.000000000018439916e+00
1.000000000019220847e+00
1.000000000020168756e+00
1.000000000021076918e+00
1.000000000021934676e+00
1.000000000022814417e+00
1.000000000023858027e+00
1.000000000024874325e+00
1.000000000025870861e+00
1.000000000026868507e+00
1.000000000028027358e+00
1.000000000029045433e+00
1.000000000030187186e+00
1.000000000031367797e+00
1.000000000032502889e+00
1.000000000033658853e+00
1.000000000034898306e+00
1.000000000036015413e+00
1.000000000037155834e+00
1.000000000038350212e+00
1.000000000039575010e+00
1.000000000040863979e+00
1.000000000042168269e+00
1.000000000043633985e+00
1.000000000045008886e+00
1.000000000046438853e+00
1.000000000047730708e+00
1.000000000049126703e+00
1.000000000050487170e+00
1.000000000051930016e+00
1.000000000053490989e+00
1.000000000054883653e+00
1.000000000056268989e+00
1.000000000057863936e+00
1.000000000059355187e+00
1.000000000060885297e+00
1.000000000062503780e+00
1.000000000064102945e+00
1.000000000065941030e+00
1.000000000067689632e+00
1.000000000069407591e+00
1.000000000071088913e+00
1.000000000072921003e+00
1.000000000074592776e+00
1.000000000076410878e+00
1.000000000078224538e+00
1.000000000080272677e+00
1.000000000082189811e+00
1.000000000084067642e+00
1.000000000085967677e+00
1.000000000087830854e+00
1.000000000089590557e+00
1.000000000091572083e+00
1.000000000093558938e+00
1.000000000095534247e+00
1.000000000097630570e+00
1.000000000099724229e+00
1.000000000101899378e+00
