-4.171038868699239899e+00
-4.171047509901878669e+00
-4.171043867909225433e+00
-4.171043224764375168e+00
-4.171048078345057419e+00
-4.171043382161467861e+00
-4.171041265437170686e+00
-4.171042210956430019e+00
-4.171040108245720468e+00
-4.171040858525321582e+00
-4.171043865254745242e+00
-4.171041227876682633e+00
-4.171040766561434410e+00
-4.171046524897796814e+00
-4.171047591675333344e+00
-4.171044153682037070e+00
-4.171045457581545435e+00
-4.171048637286595806e+00
-4.171043035165310719e+00
-4.171043449945718962e+00
-4.171048645914168240e+00
-4.171048154973297173e+00
-4.171044407942225973e+00
-4.171051731127288775e+00
-4.171050203964056458e+00
-4.171043146486240083e+00
-4.171041473320974191e+00
-4.171051411138675391e+00
-4.171046188580609382e+00
-4.171050187658790875e+00
-4.171046672369341124e+00
-4.171048635755239431e+00
-4.171043428725697666e+00
-4.171050810932936059e+00
-4.171043113888782017e+00
-4.171041641171112424e+00
-4.171041101839808363e+00
-4.171046493476291417e+00
-4.171044047036839508e+00
-4.171040844215585075e+00
-4.171044715485466625e+00
-4.171044365389160014e+00
-4.171037876482955653e+00
-4.171040552557021996e+00
-4.171043434266072936e+00
-4.171049855357905400e+00
-4.171038710827875917e+00
-4.171046672515632991e+00
-4.171047508536046777e+00
-4.171038487977182463e+00
-4.171044974545980999e+00
-4.171051211382721391e+00
-4.171051943852653210e+00
-4.171042011205816635e+00
-4.171045204429926656e+00
-4.171046350651572254e+00
-4.171044692896017203e+00
-4.171046630808085354e+00
-4.171038860715890806e+00
-4.171043627318097968e+00
-4.171047102769707138e+00
-4.171039582314126193e+00
-4.171045664941760656e+00
-4.171047911636412309e+00
-4.171047181381760005e+00
-4.171047662199041994e+00
-4.171042010946129253e+00
-4.171049332591861614e+00
-4.171039179362131755e+00
-4.171043501846834367e+00
-4.171046376801244016e+00
-4.171044858827142932e+00
-4.171044029373792483e+00
-4.171044483287199789e+00
-4.171049171383778287e+00
-4.171048222969506725e+00
-4.171045496937740182e+00
-4.171045600717745216e+00
-4.171043787235210409e+00
-4.171049556856662122e+00
-4.171044859714085007e+00
-4.171045713117774056e+00
-4.171041427925946898e+00
-4.171042836644341278e+00
-4.171050216324932336e+00
-4.171050373105318343e+00
-4.171048035460199976e+00
-4.171045494971615142e+00
-4.171049002040562392e+00
-4.171042542345829496e+00
-4.171038481073230386e+00
-4.171043280153023503e+00
-4.171048004327416514e+00
-4.171052048216462360e+00
-4.171043212862364236e+00
-4.171045625754844721e+00
-4.171044410285829507e+00
-4.171045976394792021e+00
-4.171042215478510506e+00
-4.171045528908400080e+00
