1.976199968348834701e-04
5.923068954005503801e-04
1.881567474871134824e-03
3.931007659255129037e-03
6.537371455042524648e-03
9.451625623674134863e-03
1.240426392505480577e-02
1.513107238966231172e-02
1.739813239274622461e-02
1.902374389200957652e-02
1.989386114284879409e-02
1.996845855377322315e-02
1.927894602727767484e-02
1.791926435248845928e-02
1.603356510231294246e-02
1.380190948323346128e-02
1.142407629478605496e-02
9.101567356913397785e-03
7.019457652156638368e-03
5.331022660459654346e-03
4.147058464368059104e-03
3.530787449436730962e-03
3.497486408926468379e-03
4.017204492094719921e-03
5.020292538979891084e-03
6.404866245398514388e-03
8.046087381888998233e-03
9.806634623325869923e-03
1.154720377948803209e-02
1.313653173077843246e-02
1.446056124461374270e-02
1.542986963578929852e-02
1.598660103520179593e-02
1.610856254506932636e-02
1.581076940332112185e-02
1.514312627442871914e-02
1.418434396619071107e-02
1.303278008575501495e-02
1.179568348818003237e-02
1.057844576717638201e-02
9.474731984863472151e-03
8.559099597503210671e-03
7.882115773791980445e-03
7.468465018570969935e-03
7.318238886558735626e-03
7.410638029143656012e-03
7.709090490797481689e-03
8.166772426703595295e-03
8.732592810282558890e-03
9.356381270542678957e-03
9.993023952254199288e-03
1.060538478953298655e-02
1.116546578267130566e-02
1.165384618253470159e-02
1.205766358014363250e-02
1.236840404128364268e-02
1.257973105342341177e-02
1.268721120119657535e-02
1.268877416226302582e-02
1.258545686243515115e-02
1.238278901409629526e-02
1.209268852255703311e-02
1.173369465036132493e-02
1.132833066379574510e-02
1.090134839632541167e-02
1.047658742226399882e-02
1.007321964324634812e-02
9.707735399964568732e-03
9.395308000808309801e-03
9.150944570779036280e-03
8.991197518989033424e-03
8.932918320041042040e-03
8.988187653519320169e-03
9.159119842061620373e-03
9.436523453126836880e-03
9.796309940660828317e-03
1.020401168907485515e-02
1.062147920035637350e-02
1.101427649246224799e-02
1.135556866037765525e-02
1.162868278564899854e-02
1.182648080025350268e-02
1.194969982279474319e-02
1.200169112481968593e-02
1.198382130891451069e-02
1.189539818810317513e-02
1.173571229063855546e-02
1.150857836332803801e-02
1.122453672571480619e-02
1.090217242684475389e-02
1.056484772057311727e-02
1.023775885110862240e-02
9.948450648983924935e-03
9.726352749212567594e-03
9.594931083750275064e-03
9.566569548619454147e-03
9.640886431253461314e-03
9.800556893883186418e-03
1.001104321679333574e-02
1.023075287143655927e-02
1.042258153368308057e-02
1.056325927845784725e-02
1.064887658148626348e-02
1.069689327554700781e-02
1.074329724919217098e-02
1.082693391648114484e-02
1.096825378786112255e-02
1.115553261272849567e-02
1.134342144234596825e-02
1.146578995260333876e-02
1.146261696651488388e-02
1.130856637744394842e-02
1.102959090100177030e-02
1.069748101906555816e-02
1.040220579229358781e-02
1.022485287513847339e-02
1.020511428525030899e-02
1.032228806427781462e-02
1.050506766222535256e-02
1.066002542239366524e-02
1.070677329167677751e-02
1.060809530190405352e-02
1.038570724499363919e-02
1.011601336104432300e-02
9.897888776520556708e-03
9.817120617890725057e-03
9.919067760118241081e-03
1.019715694289680293e-02
1.059519351378194335e-02
1.102755473626827395e-02
1.140547189000581420e-02
1.165805160626090520e-02
1.175173940635513593e-02
1.169369974769516630e-02
1.153137568597952488e-02
1.133300571681071858e-02
1.115869780537473259e-02
1.103633709614892239e-02
1.095701397664084961e-02
1.087814570705456646e-02
1.074271969427962811e-02
1.051129725523681883e-02
1.018841565166602250e-02
9.837359469167868131e-03
9.559928909225981486e-03
9.459307739997853057e-03
9.605265331040913415e-03
1.001049871263553180e-02
1.061926269456623523e-02
1.131785552163775549e-02
1.197436453192248472e-02
1.247562044656377531e-02
1.275463731654139996e-02
1.279485232011380071e-02
1.261870199687397699e-02
1.227270112682931659e-02
1.180884101590069270e-02
1.127404306077371340e-02
1.070568175068374421e-02
1.014014333239499771e-02
9.616964994621770776e-03
9.180681064183222537e-03
8.878621029532900166e-03
8.756618516297614771e-03
8.845322455117281615e-03
9.162174485194568910e-03
9.701146856386889256e-03
1.042971578843156569e-02
1.129289957505465007e-02
1.221484412948610140e-02
1.310116912431159332e-02
1.385561269562391590e-02
1.439182134630910374e-02
1.464391827172737554e-02
1.458008457787277404e-02
1.420713757613450284e-02
1.356286818831227946e-02
1.270470570556326770e-02
1.170394166436546264e-02
1.063282269120080503e-02
9.560536120939057067e-03
8.559304308880881160e-03
7.699861656000276354e-03
7.054832517913914476e-03
6.700300495738984764e-03
6.703738990878007134e-03
7.106629343114324870e-03
7.914586462314238471e-03
9.091474157120565253e-03
1.056289793270162418e-02
1.222041541130681509e-02
1.391988691478075225e-02
1.549422859512636190e-02
1.678001454664156816e-02
1.764415737079387536e-02
1.798967699996416314e-02
1.776790507740470815e-02
1.697939451554833154e-02
1.567572212760460701e-02
1.395654515432668760e-02
1.196384864772852621e-02
9.868412010865071013e-03
7.853987432309405062e-03
6.105731862553453668e-03
4.787697369850832732e-03
4.018537757186638019e-03
3.872579501431855798e-03
4.376138049297740272e-03
5.497100719197583855e-03
7.143559877779394156e-03
9.177603123161130055e-03
1.142958718495499550e-02
1.370956338380417000e-02
1.582465286146250705e-02
1.759601253534547396e-02
1.887652155599888262e-02
1.956219876352233850e-02
1.960223920631333494e-02
1.899579477215885062e-02
1.779085063824560609e-02
1.608722818012423353e-02
1.402545664761195403e-02
1.177421936056333510e-02
9.515108924318824157e-03
7.429998901800578814e-03
5.684978969979054796e-03
4.414479299777600979e-03
3.711500316719450535e-03
3.635462885632474370e-03
4.204032155535054362e-03
5.382946119369683841e-03
7.086968949792431249e-03
9.177956387387650738e-03
1.147137772923081771e-02
1.376345827986325161e-02
1.585910437916232194e-02
1.758452446269970909e-02
1.879658190364547066e-02
1.941222858825398384e-02
1.940196716378254568e-02
1.878972529732142460e-02
1.764676097658788786e-02
1.607870497715267050e-02
1.422568815842013661e-02
1.224913094513232353e-02
1.031283822034744814e-02
8.566198972025693137e-03
7.139771113461421299e-03
6.134459415037612010e-03
5.611337077135026760e-03
5.590682437901384021e-03
6.053523728326630667e-03
6.944460937132422400e-03
8.173135184434522985e-03
9.634136085838736901e-03
1.120993819584819445e-02
1.277972819292692852e-02
1.423370465429471717e-02
1.547611114364532900e-02
1.642610785132719853e-02
1.702575833465169025e-02
1.724740160115153381e-02
1.709154052627320786e-02
1.658602840867579031e-02
1.578910826793462202e-02
1.477703233998391499e-02
1.363631299260660741e-02
1.245304685810290531e-02
1.132673275166373554e-02
1.034119038200847183e-02
9.563454783143207280e-03
9.041342833344210433e-03
8.789293005692715502e-03
8.799413128392993139e-03
9.058089617479270911e-03
9.521910455157690800e-03
1.014060949528211054e-02
1.086000852712826897e-02
1.163065680447527075e-02
1.239268490466316486e-02
1.308747201606797785e-02
1.367178574843093582e-02
1.411620997068425455e-02
1.441020858592487706e-02
1.456124512330958000e-02
1.459501796070618133e-02
1.454170484050215997e-02
1.441661098187351463e-02
1.422962669392744198e-02
1.399673307426192725e-02
1.373238106983398245e-02
1.344866542699659634e-02
1.315221284592934213e-02
1.285722025502877321e-02
1.256919738021537551e-02
1.227916882116258414e-02
1.197916119157565670e-02
1.167403104689090573e-02
1.136995799359066459e-02
1.108183187324318815e-02
