4.064414225074530762e-04
4.179442094389695939e-04
4.363166010197261357e-04
4.601996714851397385e-04
4.882086836388577211e-04
5.232777469585947472e-04
5.663563097503265809e-04
6.093857362227117491e-04
6.618643821657554938e-04
7.147871040734665726e-04
7.713471408283822939e-04
8.270470951047270702e-04
8.984811704877415650e-04
9.602025432189353893e-04
1.043590408363326283e-03
1.118264361981813337e-03
1.202880601591016507e-03
1.285804522046629650e-03
1.377583046582198101e-03
1.466714579939298879e-03
1.599804914253044608e-03
1.676487954373806488e-03
1.811875084431480154e-03
1.923738624569515387e-03
2.060689143413063640e-03
2.165974280660232232e-03
2.297812649951325170e-03
2.446824411592163351e-03
2.575427620663650607e-03
2.756958183820601427e-03
2.864196774422955727e-03
3.036866242501656821e-03
3.238335360206567870e-03
3.445107883059184140e-03
3.652083222924207284e-03
3.796966119012479268e-03
3.991908151043888076e-03
4.296486505903307496e-03
4.408447299849904688e-03
4.614999318631296532e-03
4.797306140249757433e-03
5.055715165219742957e-03
5.293762197373430567e-03
5.474513524099444695e-03
5.693281268854488708e-03
6.004633450811813766e-03
6.273731966801365800e-03
6.425164908592018165e-03
6.696469984828312683e-03
7.039611366070341880e-03
7.330361590559775209e-03
7.510777070391938537e-03
7.899501040763201587e-03
8.226352233652756141e-03
8.548638055823731818e-03
8.877623227519615412e-03
9.132024750295064663e-03
9.548588253140533055e-03
1.002402428099713472e-02
1.019073520365043617e-02
1.051640190757596738e-02
1.083270090048238377e-02
1.116980011915347237e-02
1.156325687260395529e-02
1.191725819607403203e-02
1.254524382530652904e-02
1.298767705014081120e-02
1.316004239769796857e-02
1.350536522323231292e-02
1.384462905479366679e-02
1.430332421109925534e-02
1.454459548806996683e-02
1.511451942460295683e-02
1.536817216035712974e-02
1.596669075796297577e-02
1.641076284800768725e-02
1.688040697354786790e-02
1.739541647172593297e-02
1.740222381732714485e-02
1.788228202015174073e-02
1.824211453606339184e-02
1.842111946186142379e-02
1.883337326363521136e-02
1.917321952658623818e-02
1.934553092858481982e-02
1.963228837861030751e-02
2.005555946801207412e-02
2.050869183206793789e-02
2.068856760461945665e-02
2.105707583343352507e-02
2.104979630296743842e-02
2.111858910332353734e-02
2.140064111879091957e-02
2.174622976840423494e-02
2.168984874734736223e-02
2.216832681368530178e-02
2.241458403668417088e-02
2.300441642261652486e-02
2.305968524543222653e-02
2.333111299526413607e-02
