-1.297675248608897824e+01
-1.298853962573796395e+01
-1.298189342127646029e+01
-1.297852257565765655e+01
-1.300338930500323364e+01
-1.301181081434345010e+01
-1.299986035349208180e+01
-1.298820318652829719e+01
-1.298294645827288107e+01
-1.298348211246396922e+01
-1.298856724441540500e+01
-1.299147729880260904e+01
-1.299703231888027766e+01
-1.300156575341141085e+01
-1.299929347726710738e+01
-1.299117781600331334e+01
-1.298478068587069245e+01
-1.298505547777420510e+01
-1.298719282180967305e+01
-1.298939423318032560e+01
-1.299902512239455810e+01
-1.300216801295312585e+01
-1.299746684394584584e+01
-1.299479204930877785e+01
-1.298407098675687799e+01
-1.297941351199670024e+01
-1.298328769790840376e+01
-1.299882835253368896e+01
-1.300026984790842555e+01
-1.299864864591789448e+01
-1.300730218266860128e+01
-1.298995215631725308e+01
-1.296823565902585784e+01
-1.297628419790250298e+01
-1.300103363959893876e+01
-1.300205779902104375e+01
-1.299856442072748308e+01
-1.300580278534855339e+01
-1.299371999747980411e+01
-1.297351810736735445e+01
-1.297715229153548755e+01
-1.299233533375975291e+01
-1.299809344836116232e+01
-1.300431615375841510e+01
-1.300132396175567884e+01
-1.299053009106313183e+01
-1.298591401410485346e+01
-1.298594704052104376e+01
-1.298358956647141227e+01
-1.298914570601779772e+01
-1.300121783023045019e+01
-1.300012368554456543e+01
-1.299514842505346657e+01
-1.299511326755586715e+01
-1.298621058808962303e+01
-1.298564199897434079e+01
-1.298675022947467461e+01
-1.298578853045230375e+01
-1.299772838211358739e+01
-1.300401427198800342e+01
-1.300044813016797640e+01
-1.299097646454612587e+01
-1.298978255226238687e+01
-1.298046214596431902e+01
-1.297565961134132273e+01
-1.299058836038841314e+01
-1.301136162576591104e+01
-1.301171613286563833e+01
-1.299075953892334390e+01
-1.298469729113708659e+01
-1.298488225425003506e+01
-1.297321643630061416e+01
-1.298101270286564635e+01
-1.301603404740141023e+01
-1.301308183181035716e+01
-1.298877156816613621e+01
-1.298801788658656342e+01
-1.298740336084347469e+01
-1.297589410384058617e+01
-1.298378369802706089e+01
-1.300410674535626931e+01
-1.300366568998731331e+01
-1.299515283782757002e+01
-1.299547241180556334e+01
-1.298947501394186865e+01
-1.298326869470865930e+01
-1.298337921395554417e+01
-1.298732888682475206e+01
-1.299890633014459418e+01
-1.300207876559922227e+01
-1.299743268811843322e+01
-1.299070160381887717e+01
-1.299282211330260317e+01
-1.298592373167754843e+01
-1.297791193539535648e+01
-1.299009838762325764e+01
-1.300099322776282129e+01
-1.299810347860529447e+01
-1.299833174668692592e+01
-1.300196464591873102e+01
