8.211652294004492467e-03
7.651483616357603566e-03
6.426076671231005857e-03
4.853047996396056898e-03
3.420323526931956255e-03
2.220389068627464518e-03
1.661672123133201007e-03
1.334752620950432596e-03
1.150991999304586642e-03
9.878903071123537258e-04
8.980191834212531300e-04
7.043150756776840170e-04
6.978486788531421472e-04
9.238140320470257473e-04
1.105141486235723582e-03
1.009699561616368398e-03
8.653946414859765499e-04
7.090473279833678713e-04
5.267926379087005742e-04
5.793234309442370786e-04
8.728573685368706120e-04
1.177519998092377545e-03
1.168165331182371980e-03
9.321414984385311634e-04
6.503808975903872065e-04
5.293834779790385341e-04
5.758195187515923385e-04
8.037766105541345636e-04
9.838263365431444089e-04
9.997267585069400265e-04
8.453954122751151760e-04
6.612366380315440979e-04
5.626681519235132668e-04
6.068676371146989722e-04
7.843105365480747184e-04
8.562182622168572300e-04
8.312692718264678418e-04
7.985627304660436118e-04
7.624498566065818954e-04
7.427900333231037249e-04
6.896318516434534699e-04
6.423690728017966570e-04
6.821509387445502670e-04
8.134317098807071532e-04
8.255730884434828078e-04
8.464095425935153722e-04
8.307078526660872323e-04
7.628733114816574823e-04
6.985014005974165933e-04
6.384645962944459404e-04
7.183729311673387645e-04
8.154913774560593577e-04
8.817019753356494099e-04
8.069016107374821310e-04
7.670730238500903658e-04
7.852034658122141559e-04
7.280341658290349818e-04
7.615270604077026186e-04
7.441982363034354295e-04
7.639917373611027291e-04
7.959836358147277975e-04
7.955997585926573561e-04
8.634523611254612532e-04
8.849458750907554386e-04
8.611343715375906769e-04
6.474231928050836913e-04
6.213366887998787898e-04
