2.028612391528174849e-04
5.963732321682439167e-04
1.884776919210025704e-03
3.933896245537566935e-03
6.540489434354586178e-03
9.455410616484879668e-03
1.240899266965917597e-02
1.513685550680440688e-02
1.740495953229906009e-02
1.903157999983636980e-02
1.990269628964128068e-02
1.997825259837188172e-02
1.928954040363765887e-02
1.793020483024584943e-02
1.604393239569034540e-02
1.381023858836783608e-02
1.142838560238766676e-02
9.099874242239444633e-03
7.010545431981408948e-03
5.315263475662086734e-03
4.126755903473603403e-03
3.509323448248682920e-03
3.478014471439713415e-03
4.003774404328542744e-03
5.019060157225074641e-03
6.420710065743658393e-03
8.079078940098809516e-03
9.850830121568442468e-03
1.159300311930148986e-02
1.317687345929093208e-02
1.449165784337811541e-02
1.545146047442670298e-02
1.599843772460669833e-02
1.612175073468779737e-02
1.584329089806400109e-02
1.521303364400766051e-02
1.430335056816530934e-02
1.320307104630432868e-02
1.201564878207468136e-02
1.084926141844211496e-02
9.794297750491127996e-03
8.921560205584912195e-03
8.279722378654773979e-03
7.896304536118833178e-03
7.779771662397582527e-03
7.914464222490971354e-03
8.261260853577126820e-03
8.760392422523518435e-03
9.347091668132660389e-03
9.982191370447209000e-03
1.063193527214339497e-02
1.124417830743625404e-02
1.179355590457181573e-02
1.227047331588300080e-02
1.267771378244500480e-02
1.301904273553819436e-02
1.330375513667204218e-02
1.352286324651847879e-02
1.363408649594724173e-02
1.362510931087583532e-02
1.351545942571310763e-02
1.327740067826035236e-02
1.292517089755943621e-02
1.250727784614413807e-02
1.209683372537499225e-02
1.172714251076912954e-02
1.139705090862030458e-02
1.113145344767020768e-02
1.095690967669169305e-02
1.086641818537909844e-02
1.083918649433348973e-02
1.086990226233195897e-02
1.097085722716734449e-02
1.116179111936876737e-02
1.144325459682622378e-02
1.180550449772200909e-02
1.223435059476713632e-02
1.270532970732132956e-02
1.319946444826629837e-02
1.369105584773658985e-02
1.415043855591177624e-02
1.453087826998084899e-02
1.477929541501024624e-02
1.488165691099595928e-02
1.484972835919784982e-02
1.471486755367652603e-02
1.452296330183112938e-02
1.431530147167115775e-02
1.412133667762593622e-02
1.393547952896582488e-02
1.377991977629149101e-02
1.369650450264665170e-02
1.366272700222422552e-02
1.366473759623723118e-02
1.370036494007204932e-02
1.376914876178872774e-02
1.388235056302450365e-02
1.405372438289223536e-02
1.428557655234676503e-02
1.457701018562635592e-02
1.494738107395069543e-02
1.537131446714645223e-02
1.578282140924925497e-02
1.613052769530663733e-02
1.644860271579784081e-02
1.676113066326286732e-02
1.706256307663322688e-02
1.735502953726443531e-02
1.761360265651984794e-02
1.783974435436901790e-02
1.802528225018785665e-02
1.815613113482464000e-02
1.823501620769516288e-02
1.828326194808789149e-02
1.830175301817762307e-02
1.827756705945632332e-02
1.825176201973575246e-02
1.823879087323327861e-02
1.822086001480882622e-02
1.820352428684952548e-02
1.820717057341267320e-02
1.827293329795962040e-02
1.842352468587679648e-02
1.863258700014506705e-02
1.889453779320441479e-02
1.920661367796408850e-02
1.953397692796299961e-02
1.990415862195735533e-02
2.028870379833223533e-02
2.071424296214224858e-02
2.117844115156172421e-02
2.164093202638919453e-02
2.207767040834283240e-02
2.248205661986768175e-02
2.282441975517477545e-02
2.307512113338298920e-02
2.321499051831658542e-02
2.327845104205336982e-02
2.334467551750065567e-02
2.348782804658417628e-02
2.370517640712245175e-02
2.392677209641789343e-02
2.410254588767652903e-02
2.422262849140321972e-02
2.433871924238778517e-02
2.445834638451053686e-02
2.456759941081577969e-02
2.472012486630808040e-02
2.497137327548763774e-02
2.527721035411574849e-02
2.564318773808837645e-02
2.602226281629599000e-02
2.639523055162851933e-02
2.675863109637259540e-02
2.712498240036960093e-02
2.748359432207552605e-02
2.780672149229029139e-02
2.813185855018068143e-02
2.840333276996433523e-02
2.861374010275964663e-02
2.882952003377097991e-02
2.910681012412471430e-02
2.940025596280716746e-02
2.963181421163685672e-02
2.980133216843311103e-02
2.994030903985866326e-02
3.004871279353280022e-02
3.016321139739164270e-02
3.028838738932251168e-02
3.043051028172497410e-02
3.063778659500013268e-02
3.088925365636201875e-02
3.111164988389782116e-02
3.126409657556365046e-02
3.136313167799352486e-02
3.147033740943318281e-02
3.162044316411507378e-02
3.179638271961581636e-02
3.198433750318181723e-02
3.224002653398562457e-02
3.256824911356055036e-02
3.293269581062490542e-02
3.329548478544858831e-02
3.360882829665590849e-02
3.381787672605302691e-02
3.397805222530378422e-02
3.417905386613390856e-02
3.441378022749397303e-02
3.466946585485485705e-02
3.488537218545847973e-02
3.504321551702905407e-02
3.517639889613799475e-02
3.530760702523877415e-02
3.543630114027544048e-02
3.554743820310218849e-02
3.570973582590620393e-02
3.597034124232345587e-02
3.623566064458472180e-02
3.646920442271517349e-02
3.670703412632429080e-02
3.693427681355654357e-02
3.714082868253560515e-02
3.735618438644926209e-02
3.756646679894865698e-02
3.769905524622024079e-02
3.776826503399080548e-02
3.787659100446038457e-02
3.804864541180306287e-02
3.824774904408782122e-02
3.847194982808314206e-02
3.872226897045340926e-02
3.897332764468539046e-02
3.923092430233827282e-02
3.953954468353292756e-02
3.988334568567378224e-02
4.023670475694218762e-02
4.056046544517007829e-02
4.082786025430287791e-02
4.109164998725559764e-02
4.137878178264090684e-02
4.162150926499476322e-02
4.182112299224895885e-02
4.198078311524173351e-02
4.204672577897203278e-02
4.201266071708514849e-02
4.190928738269426163e-02
4.179967697042274305e-02
4.173580695696785942e-02
4.174135023775426417e-02
4.182079854684534609e-02
4.195363487569188365e-02
4.215178634455269552e-02
4.241480283570980142e-02
4.268968913723736325e-02
4.297873053750246586e-02
4.326716515257957724e-02
4.350541812858942786e-02
4.370543396069640624e-02
4.390889204812695873e-02
4.410619850448924822e-02
4.431948458598970048e-02
4.460773477034885720e-02
4.491044197048234266e-02
4.515751238933735090e-02
4.535033023976516031e-02
4.551459299704382899e-02
4.568458353620547668e-02
4.585173790253175424e-02
4.603200035780200677e-02
4.627780179559885798e-02
4.654757193057812437e-02
4.670461900066935623e-02
4.672570610818563980e-02
4.668227526073888412e-02
4.662068956635595507e-02
4.654777093189928217e-02
4.646484706923646041e-02
4.641196888609968457e-02
4.646552632143086808e-02
4.667392060174230251e-02
4.702412201951410020e-02
4.748546945478949316e-02
4.801687420374792237e-02
4.856787449491618835e-02
4.912582188124871296e-02
4.967741775873675547e-02
5.020494559275244517e-02
5.069611744124914027e-02
5.108780909730175485e-02
5.133693080750790366e-02
5.146032092044929701e-02
5.149529705197614798e-02
5.144851778787553481e-02
5.132002689000229184e-02
5.110919821839930710e-02
5.078355945544347355e-02
5.034593277650029758e-02
4.984291798745667246e-02
4.941516596998140470e-02
4.918684204896139195e-02
4.912884189816155156e-02
4.915672864730505354e-02
4.931883305479405760e-02
4.969692075621833655e-02
5.030217617110265688e-02
5.115594708477318869e-02
5.223187266703810394e-02
5.341751077115273333e-02
5.461025821003308994e-02
5.572767816958381498e-02
5.666384184424611004e-02
5.736229614840928498e-02
5.785375399503279309e-02
5.809969348806345163e-02
5.797707569440855441e-02
5.740679756246511167e-02
5.646010574995333209e-02
5.523776894977926871e-02
5.387956014738707472e-02
5.261350041401756383e-02
