5.681816151581982997e-06
4.286917266769519418e-06
2.958484886572469489e-06
1.693234791649334654e-06
4.522544187116357119e-07
8.530002589423061655e-07
2.371827923586874891e-06
4.323908877901397349e-06
7.009238680568339069e-06
1.081895287380119378e-05
1.624318165319654046e-05
2.386677105589513220e-05
3.434106841980930997e-05
4.832506964325362973e-05
6.641148145102997473e-05
8.906845894787038449e-05
1.166416537878159690e-04
1.494234614951173309e-04
1.877186867033788604e-04
2.318993109829013601e-04
2.823544700899518968e-04
3.393851236901338636e-04
4.030485278134219099e-04
4.730617399029539449e-04
5.485880081693924899e-04
6.280949575657422419e-04
7.090762794741534538e-04
7.878198271000334688e-04
8.591652583008973316e-04
9.166498808964051483e-04
9.525576535316259861e-04
9.585178000691131584e-04
9.264880912391430280e-04
8.497800678134354892e-04
7.244979285076653388e-04
5.508426274107827876e-04
3.344078579266186887e-04
8.726983874918674354e-05
1.716370173381480987e-04
4.174035566397091539e-04
6.215714337504776085e-04
7.552496611204220171e-04
7.926817063400301349e-04
7.139813718970407577e-04
5.077032345046749839e-04
1.728224902689228372e-04
2.799140705943966244e-04
8.273843666974912926e-04
1.434847578793340024e-03
2.057897640705326405e-03
2.645244903844858487e-03
3.141354997524170752e-03
3.490544597283577570e-03
3.643487052736119232e-03
3.564418672738455408e-03
3.238103012097531298e-03
2.674397810502093190e-03
1.909069364613458133e-03
9.997793328908463010e-04
2.048161370918854634e-05
9.449450191866192936e-04
1.810762110712140242e-03
2.496411709011299353e-03
2.934271682442639740e-03
3.077012691615228692e-03
2.900897029795948198e-03
2.409524996164501276e-03
1.632212456023989042e-03
6.194066760824628801e-04
5.594504941314434095e-04
1.820604051400301522e-03
3.072479998688970853e-03
4.224198901545505973e-03
5.191185067756864426e-03
5.902073024573704051e-03
6.300211067514357825e-03
6.345239374866258608e-03
6.018621168199869004e-03
5.324228214121470848e-03
4.291477932739767506e-03
2.974245188782662606e-03
1.448692142949998532e-03
1.886269871545058767e-04
1.824951096356358443e-03
3.334098003274408271e-03
4.585200432706082983e-03
5.452255508166268215e-03
5.829225487582156452e-03
5.641231753195080981e-03
4.857226123355894154e-03
3.498270353620764120e-03
1.642236727866212441e-03
5.799176317224650264e-04
2.992937937953031417e-03
5.390568311622199495e-03
7.557650199077912100e-03
9.290552015316359824e-03
1.041832058384626301e-02
1.081681500340831055e-02
1.042040667550092614e-02
9.238990845292270951e-03
7.357918410224553729e-03
4.931468110064817986e-03
2.168379655464856663e-03
6.861030201642144555e-04
3.374114632137960139e-03
5.655151847917167657e-03
7.324133001635323853e-03
8.231215146786124981e-03
8.299024079558381048e-03
7.526102056376768497e-03
5.985795761909145501e-03
3.809694506425295984e-03
1.183399206471659340e-03
1.671602764439131250e-03
4.520537532369878035e-03
7.129839713312820931e-03
9.286060292687992393e-03
1.082073563917236754e-02
1.162745695043942810e-02
1.165272715281549104e-02
1.089854921847731480e-02
9.431784351170893060e-03
7.379221493104122682e-03
4.916335620170012542e-03
2.248581267662587337e-03
4.120110913676517761e-04
2.852834659342141921e-03
4.868311219124079291e-03
6.287930163604098753e-03
6.994818354498698494e-03
6.932008358177370495e-03
6.114572941945449133e-03
4.633846305534190455e-03
2.638839826545908134e-03
3.103474337754295724e-04
2.147381176275550436e-03
4.522674561340690909e-03
6.614776600181231266e-03
8.255011763865612723e-03
9.318454743783300895e-03
9.733758274187152490e-03
9.498664467752295643e-03
8.678098300596098769e-03
7.388350697588128013e-03
5.776625759200129488e-03
4.001733204762192818e-03
2.225666550473938410e-03
6.066104317048518196e-04
7.285865982601128161e-04
1.700006867831956904e-03
2.274221725167987606e-03
2.450368034430462031e-03
2.251466855936920444e-03
1.720005428884921212e-03
9.326076465172348324e-04
2.279379446320368275e-05
1.055580387719251209e-03
2.079833497594099287e-03
3.023812868063423080e-03
3.833273408432006420e-03
4.465683571808060776e-03
4.897336191615039337e-03
5.124613190230511983e-03
5.160684004418855490e-03
5.033348749982395620e-03
4.786996445755992841e-03
4.467222326925973999e-03
4.114683453871473447e-03
3.756715796243838539e-03
3.414628081057780561e-03
3.100211028336891279e-03
2.818231241629528920e-03
2.567680215693106741e-03
2.339160764851111116e-03
2.115796876850324203e-03
1.881630598465751803e-03
1.645694389499313941e-03
1.418204462189355313e-03
1.212772763052079837e-03
1.053973453442464932e-03
9.658333425392954651e-04
9.731427785492822004e-04
1.103603995159591761e-03
1.378184509117491617e-03
1.796128915001566620e-03
2.341989100111608289e-03
2.975138403835426906e-03
3.649955779235578273e-03
4.316115496385769003e-03
4.918376040734985175e-03
5.403410314347806449e-03
5.721832913993750089e-03
5.840256800913832050e-03
5.741300549496542414e-03
5.430834323964594569e-03
4.944540075520845526e-03
4.304802830049797926e-03
3.549423157257731044e-03
2.732044878697288421e-03
1.912747088216915775e-03
1.162019445517685056e-03
5.561721077229945468e-04
1.612098130503636015e-04
2.662712259978330633e-05
1.665551057894474403e-04
5.680232821757947399e-04
1.182469256379055150e-03
1.948793352277640532e-03
2.791211201788373376e-03
3.634606607763831310e-03
4.411568907773583126e-03
5.053999598661507511e-03
5.515336921494077248e-03
5.773852637653779062e-03
5.814755756118217093e-03
5.649624543870085912e-03
5.311580042937615910e-03
4.841490064722124738e-03
4.294254189645865805e-03
3.728056119185252371e-03
3.197078877691677049e-03
2.751270907089602754e-03
2.429986184241985248e-03
2.251837441291542393e-03
2.210904664820211116e-03
2.274195885337023434e-03
2.408963215777418145e-03
2.590948497667136270e-03
2.787262564651042055e-03
2.967601689786095263e-03
3.122057738270266232e-03
3.258648411631185574e-03
3.386514523029482329e-03
3.522312252399427412e-03
3.678725683899128612e-03
3.863854818021952593e-03
4.086665101593042748e-03
4.334514651821178011e-03
4.585804129663633745e-03
4.816894007476377540e-03
4.988947817605816036e-03
5.077776690033182494e-03
5.066610191000998908e-03
4.937316394895631573e-03
4.675833004886283985e-03
4.298059574371783549e-03
3.844382644835614947e-03
3.360952008362047983e-03
2.901135291097776524e-03
2.517397063878147774e-03
2.244599313227782587e-03
2.117788958890665010e-03
2.167445119414234192e-03
2.397965147057144839e-03
2.790585514552986098e-03
3.305611640257528384e-03
3.892472066278992830e-03
4.496360199708541831e-03
5.069128661192121021e-03
5.554493348956723517e-03
5.888379765875437731e-03
6.029203761600263230e-03
5.962362260868812359e-03
5.686056414037926436e-03
5.234157500028207774e-03
4.658869233021762854e-03
4.023597646806195693e-03
3.402443552311191794e-03
2.843069103287963403e-03
2.387639599575339024e-03
2.073610111732799698e-03
1.947566875794847201e-03
2.038219548052399004e-03
2.299037618443701501e-03
2.715743257732490794e-03
3.270960620074767847e-03
3.956006490553489949e-03
4.695735610792257410e-03
5.418954450876268744e-03
6.075594174958371708e-03
6.618924651230188687e-03
6.994000831767883085e-03
7.135975921619863889e-03
7.009592055918127153e-03
6.610222425708661698e-03
5.955176311189216282e-03
5.081083088652337335e-03
4.044024165495731064e-03
2.923950685140732156e-03
1.843086445176623503e-03
9.268183629022014964e-04
2.640130894815062514e-04
7.479195097243307975e-05
1.091052815319423814e-05
4.777312080695425090e-04
1.375262390967423292e-03
2.638870289418152829e-03
4.159535365175440029e-03
5.791802145197076125e-03
