4.098401349983404884e-04
5.865315018586780837e-03
1.305618674637809562e-02
8.281534137355472946e-02
8.290109325577055266e-02
1.117354696608126030e-01
2.888980227193640449e-01
3.499751322822916011e-01
4.033869904071084589e-01
5.327975491496003135e-01
4.421564324128340884e-01
4.992081019720625568e-01
5.290387149485662466e-01
7.833033933447008934e-01
9.346684056163055976e-01
9.258456408188975306e-01
9.029608469739229815e-01
9.526806317956503234e-01
9.235709709406111356e-01
9.180917106342690870e-01
