4.441769523414398229e-06
3.012962529639337203e-06
1.423108132500205397e-06
2.044530383278930349e-07
1.840166652603374945e-06
3.556019629512589902e-06
5.516652904203887920e-06
7.959617019873001283e-06
1.117100209660601422e-05
1.546328358335816543e-05
2.116257362547378616e-05
2.861127314309706285e-05
3.818776593505632461e-05
5.033718972413013325e-05
6.559854958468503024e-05
8.461303005717023794e-05
1.080948906894805569e-04
1.367763980794538606e-04
1.713329037007752691e-04
2.123060575807091588e-04
2.600345355723259334e-04
3.145820499359976022e-04
3.756524694868429849e-04
4.424866819561969894e-04
5.137122297515594018e-04
5.872126809436443952e-04
6.599764186442807525e-04
7.280288654024693338e-04
7.864501168950805907e-04
8.295266664297716369e-04
8.510259827708593124e-04
8.447369334127164883e-04
8.052763375789186552e-04
7.287611593963275961e-04
6.138275073726454740e-04
4.624377326319841636e-04
2.805623744435127511e-04
7.858424980272488375e-05
1.285690373728553887e-04
3.224019005308400481e-04
4.824998847811466261e-04
5.877891136703266434e-04
6.178917717782544472e-04
5.550140246695110585e-04
3.878032939699272178e-04
1.138766208045564215e-04
2.598952526171357104e-04
7.148072330643970209e-04
1.220945039789714031e-03
1.740835791641853888e-03
2.230033317900715056e-03
2.645298536853846888e-03
2.936514810047399261e-03
3.066563510049638390e-03
3.007909519011662657e-03
2.748980537660639795e-03
2.294592684013389144e-03
1.669449599269528465e-03
9.174720011797259274e-04
9.763245376006583385e-05
7.207838911402772528e-04
1.464543122498382539e-03
2.064006684956983667e-03
2.459615220428530095e-03
2.607540961573459083e-03
2.482973614664336654e-03
2.083084368641163839e-03
1.430355034236978394e-03
5.697180172206930612e-04
4.370959109383845947e-04
1.518115304288282074e-03
2.596344132570410808e-03
3.596733254998641955e-03
4.445607819570751400e-03
5.077308203234654795e-03
5.440028672298343262e-03
5.498904624278495856e-03
5.237077038482416610e-03
4.656572769922839340e-03
3.782144077457875054e-03
2.657435377413393165e-03
1.345146638713629918e-03
7.299962858381685727e-05
1.498066333242757762e-03
2.810473344484136927e-03
3.906309006150940170e-03
4.674662282867864116e-03
5.022042840301018003e-03
4.883127663392177256e-03
4.229128851830412164e-03
3.076595232050702115e-03
1.488650122778680451e-03
4.234295639664981364e-04
2.508304313606051546e-03
4.589145255876831211e-03
6.477287592572382631e-03
7.993176505555458014e-03
8.983789406190581875e-03
9.339126572640757407e-03
9.005802492166320103e-03
7.996058888867932715e-03
6.389453800463490429e-03
4.320643926893428209e-03
1.967669133288837448e-03
4.616441370268238478e-04
2.751307682508770565e-03
4.697373420303463387e-03
6.127801205366100422e-03
6.919188327515574284e-03
7.007206925984900935e-03
6.388730061501497054e-03
5.115863776644010395e-03
3.299102160335759364e-03
1.095678670912459589e-03
1.308396966854537919e-03
3.716204259919596992e-03
5.933472508141113787e-03
7.786295491429243154e-03
9.132195532042600150e-03
9.868794531932605779e-03
9.943332367209024511e-03
9.356519196126808144e-03
8.160747580215904282e-03
6.455802992911243744e-03
4.386097262124224495e-03
2.121705877085792221e-03
1.591181159337757395e-04
2.273879691468159558e-03
4.037995832677315072e-03
5.299489109036460525e-03
5.951445686281513908e-03
5.941622112398995195e-03
5.277234647187925218e-03
4.025735929273402923e-03
2.308614972155720573e-03
2.855540491117950722e-04
1.859480713529753672e-03
3.933258361435570082e-03
5.754796589893549329e-03
7.173506967975446826e-03
8.084607150535341735e-03
8.438104403547369223e-03
8.240255144330094900e-03
7.549106096560272670e-03
6.457380762098955534e-03
5.085512404045898667e-03
3.571651903167914928e-03
2.049967758992457187e-03
6.432642678268791093e-04
5.382732632639012672e-04
1.419908545408585156e-03
1.964015265745845847e-03
2.159630609715424039e-03
2.024139217071732003e-03
1.600886291891678945e-03
9.495458982584844025e-04
1.462774486637749918e-04
7.309354467170770062e-04
1.615697652939102015e-03
2.448858459855456169e-03
3.175948959233084509e-03
3.755819507983717675e-03
4.169302979142128218e-03
4.411409907663158859e-03
4.490977143734323218e-03
4.430507150135003583e-03
4.257838665525192148e-03
4.009339049661705089e-03
3.718085897473545013e-03
3.407223539460180108e-03
3.099786856461503922e-03
2.810956930945024065e-03
2.544400958452320595e-03
2.299915220865227181e-03
2.070716315401592220e-03
1.846671748272635510e-03
1.622934547648591111e-03
1.399523287152040817e-03
1.179016946427857487e-03
9.765644946041840760e-04
8.164319417695555187e-04
7.243981467104149878e-04
7.260679367324109849e-04
8.438607984048039547e-04
1.086115718897931546e-03
1.449125878471012405e-03
1.925804665032725214e-03
2.495206542439014959e-03
3.112543843151020090e-03
3.729097405579248799e-03
4.289898879133289059e-03
4.741429903036258747e-03
5.043369931587549961e-03
5.167178067118372194e-03
5.094624821549601640e-03
4.829563211141851657e-03
4.393226689265398305e-03
3.819676165990792006e-03
3.143847546301720836e-03
2.416675723637797327e-03
1.702040456738727284e-03
1.058027419655889695e-03
5.372236516429613551e-04
1.849569100943886134e-04
3.724187713155176248e-05
1.160055263254532979e-04
4.194683038586694977e-04
9.235978024462653197e-04
1.574697666907045115e-03
2.319501032048427135e-03
3.095555972245769838e-03
3.829075984273864596e-03
4.460010416492143220e-03
4.931633988822277034e-03
5.200078057546747221e-03
5.247588917058186413e-03
5.075999352098156496e-03
4.707139983521997292e-03
4.193190968545633737e-03
3.598583246051650225e-03
2.989047813343387316e-03
2.425294934237898128e-03
1.957489848618869377e-03
1.622233411156462878e-03
1.436928354923789003e-03
1.402935542378328567e-03
1.499506583834946593e-03
1.688041665880942767e-03
1.928900437828820176e-03
2.185869068011232937e-03
2.429963798537922246e-03
2.652576717054270367e-03
2.829131218711455984e-03
2.954423472938871951e-03
3.041497306363999484e-03
3.109551012866635170e-03
3.184442329033919904e-03
3.284764926966477448e-03
3.414613578459654679e-03
3.565822252260937575e-03
3.722817474002310285e-03
3.859934721331649988e-03
3.947086187095609662e-03
3.950223487850480601e-03
3.853035761349850232e-03
3.661942840459508908e-03
3.382845197571347079e-03
3.026949495477219282e-03
2.634490895224017928e-03
2.249958175112825101e-03
1.918963467809913295e-03
1.683910229802098625e-03
1.575260128771028114e-03
1.605644918194095013e-03
1.787464044581542561e-03
2.107909519084959302e-03
2.524970404040721098e-03
2.994206060068956010e-03
3.467136957623189516e-03
3.901864737347301819e-03
4.261949479854140917e-03
4.513193782182958573e-03
4.624997749075307474e-03
4.587354449587669261e-03
4.393545508545646135e-03
4.051697623382400325e-03
3.600098837573802776e-03
3.090264710070056691e-03
2.570821118450093094e-03
2.099670484475749544e-03
1.713264998470905714e-03
1.437748403826050268e-03
1.311186563930966369e-03
1.352587209885940805e-03
1.562993160315973322e-03
1.931349546649750813e-03
2.439833392314486211e-03
3.050788409871619308e-03
3.714370046780674645e-03
4.378956893957472105e-03
4.995560765747194404e-03
5.509172289133761752e-03
5.861256361570759896e-03
6.005030881627182460e-03
5.908530015221679331e-03
5.557306720161025136e-03
4.957813759429309519e-03
4.138526767996668874e-03
3.164890351587588534e-03
2.126322655802002914e-03
1.117973466299383408e-03
2.349095854421855579e-04
4.195101418022205734e-04
7.605623362086073955e-04
7.301945409773566431e-04
2.971901424978295818e-04
5.224984188421000382e-04
1.673214003509518972e-03
3.053081757318833536e-03
4.537657495225654383e-03
