5.427251294729859132e-04
3.390566849618091832e-04
1.698162231228550825e-02
3.047028687321749751e-02
3.981497727916185475e-02
4.943101792915540610e-02
7.456679612465061391e-02
9.769054270487385894e-02
1.174434484016707442e-01
1.414924819745110307e-01
1.758978007809970656e-01
2.083399605134517718e-01
2.541902541629126322e-01
2.874284235717260438e-01
3.373694041350564499e-01
3.885759507784616873e-01
4.479123869847931316e-01
5.114007342524808930e-01
5.645938575374347401e-01
6.513354553025457738e-01
7.335068022215590622e-01
8.060475981777746046e-01
9.059853301041861373e-01
1.005479536515389238e+00
1.089800436882779611e+00
1.192365419025755324e+00
1.293370659548782386e+00
1.404565662688894712e+00
1.505324815039414954e+00
1.608170177826905078e+00
1.708567168826062410e+00
1.816354471495088330e+00
1.903086364903040728e+00
2.019503410772896856e+00
2.099257550853327103e+00
2.217663393032803576e+00
2.339570330461046677e+00
2.463410488667492793e+00
2.605504223339126568e+00
2.762721295603038918e+00
2.925887353013511216e+00
3.095038480178928353e+00
-3.030727419636452868e+00
-2.865930202804508387e+00
-2.700692414595411428e+00
-2.538036085969006983e+00
-2.393337609783161124e+00
-2.249804567576901171e+00
-2.094956775421005446e+00
-1.955771548895151923e+00
-1.782475199951261580e+00
-1.584844241404653964e+00
-1.378773733848736693e+00
-1.162279225762503421e+00
-9.239233052178426053e-01
-7.394101999241531331e-01
-5.477168426378536958e-01
-3.535622021473123766e-01
-1.770418813582329831e-01
1.292719992170695588e-02
2.156178323325528279e-01
4.282791217609131507e-01
6.902973686030721145e-01
9.467910035687965298e-01
1.194616218883456593e+00
1.431740009392322710e+00
1.637067537882830770e+00
1.841075932928297521e+00
2.062402921763574870e+00
2.306291692132215854e+00
2.568405918872562754e+00
2.846911700173092363e+00
3.141418564729571816e+00
-2.872376569536570834e+00
-2.633010704445140959e+00
-2.408407432530932368e+00
-2.150226732625643677e+00
-1.885833950084284893e+00
-1.562800147120386063e+00
-1.239651024528742207e+00
-9.436795988223075637e-01
-6.728194353983700804e-01
-4.114386566383392285e-01
-1.641389502221393404e-01
1.520648289338706605e-01
4.809574818247147054e-01
8.305237647415792956e-01
1.148562353895300037e+00
1.436068421980907672e+00
1.710399161100208953e+00
2.005932561680225934e+00
2.362819077779458876e+00
2.730729613159452285e+00
3.087067605025568096e+00
-2.884078864294747468e+00
-2.582747596959777070e+00
-2.257548151512076551e+00
-1.907299543805782260e+00
-1.495616338063565864e+00
-1.138641825694229670e+00
