2.811354062494355460e-02
5.021551519639123190e-02
6.677162107382414447e-02
6.443690382145506046e-02
4.961080515655237611e-02
3.543099442923632741e-02
2.957793069402554764e-02
3.356004941556976068e-02
4.484458208835364473e-02
5.666656060411846829e-02
6.103050711427897290e-02
5.566358190539204970e-02
4.582694041852874295e-02
3.734627367204069320e-02
3.378471047309110353e-02
3.696567073806439341e-02
4.561168287391544063e-02
5.643068710333071225e-02
6.297422098127844481e-02
5.764254032597007638e-02
4.277176742416935462e-02
3.021160833699166812e-02
2.989126882076607872e-02
4.164177719412593542e-02
5.601738522889830596e-02
6.411631089213121193e-02
6.169560629967432014e-02
4.867719088633202379e-02
3.249878245862245635e-02
2.527623681206242132e-02
3.417496339003914252e-02
5.509436235883159727e-02
7.103030724966576115e-02
6.736112249686612707e-02
4.835103999990123663e-02
2.985604211462714389e-02
2.501108634401584541e-02
3.638097582373540917e-02
5.461654453668999404e-02
6.677265337410623336e-02
6.458370646088387734e-02
5.016081225367476776e-02
3.540394046586711058e-02
3.160851725201828388e-02
3.961582864904460849e-02
5.033065894561979114e-02
5.566621418373342983e-02
5.648413948962447556e-02
5.526336912755088621e-02
4.983871859331458903e-02
4.025709863628280927e-02
3.342258107594066330e-02
3.688179764185996884e-02
5.064180295310744678e-02
6.447003276234070102e-02
6.625128465362904728e-02
5.420074689314335892e-02
3.808885172005296860e-02
2.942403071244906188e-02
3.320133285334705975e-02
4.762678792199598332e-02
6.450120733904157744e-02
7.062419940991644662e-02
5.907534585471081040e-02
3.953105092012414168e-02
2.776731211135817848e-02
3.100702502329429067e-02
4.626175437313490013e-02
6.338185565181791992e-02
7.082121388892724523e-02
6.354433309620897974e-02
4.600193360956262439e-02
3.046839280019316559e-02
2.876009416857308945e-02
4.283675759320108162e-02
6.188376914606776719e-02
6.921762125575799118e-02
5.970756301344055939e-02
4.519849693289647308e-02
3.742568846364261598e-02
3.847092644791196003e-02
4.497652019549026881e-02
5.244200395717663749e-02
5.800183818238889566e-02
5.983606889719682298e-02
5.626203403030673872e-02
4.834584960653512398e-02
4.008273211061955804e-02
3.692411394697976690e-02
4.249314682297482271e-02
5.465738202994583489e-02
6.626717750576296972e-02
6.751193191220697387e-02
5.432577064316086723e-02
3.633124544831564662e-02
2.888987822659605867e-02
3.877096274676213039e-02
5.775552151603603745e-02
6.927184245046509592e-02
6.524372844505109403e-02
