-9.999999996863306873e-01
-9.999999991418973000e-01
-9.999999943126586244e-01
-9.999999754982464850e-01
-9.999999469841789335e-01
-9.999998765163777836e-01
-9.999997584128614836e-01
-9.999995780472047402e-01
-9.999991832126342572e-01
-9.999987513109990234e-01
-9.999982811377716718e-01
-9.999975398983418362e-01
-9.999967194397196835e-01
-9.999953724466625893e-01
-9.999938293661788657e-01
-9.999925452445999063e-01
-9.999914512747081208e-01
-9.999900730400439475e-01
-9.999893629778107140e-01
-9.999882041718449743e-01
-9.999868747502091981e-01
-9.999856153874042697e-01
-9.999842802102263395e-01
-9.999831705561273987e-01
-9.999821277464930880e-01
-9.999803739239285783e-01
-9.999786125213532273e-01
-9.999765492811311107e-01
-9.999739758860222150e-01
-9.999721065304845169e-01
-9.999707543815441468e-01
-9.999690059021886235e-01
-9.999664905640777146e-01
-9.999635203155876617e-01
-9.999609390402459663e-01
-9.999588726335197908e-01
-9.999558517576025984e-01
-9.999524838531068660e-01
-9.999498661112979914e-01
-9.999465083935162868e-01
-9.999426590863740305e-01
-9.999390457826362599e-01
-9.999341373804535582e-01
-9.999297165520557584e-01
-9.999242241395097652e-01
-9.999202384302878777e-01
-9.999153428860914072e-01
-9.999095367053270067e-01
-9.999009385956334484e-01
-9.998955367045059273e-01
-9.998898343396411814e-01
-9.998831273015966747e-01
-9.998772478026795030e-01
-9.998687400111997414e-01
-9.998611850965325454e-01
-9.998537261937365805e-01
-9.998491732520602415e-01
-9.998406727987758646e-01
-9.998317550675688281e-01
-9.998241732333170706e-01
-9.998148238704488433e-01
-9.998089680642523458e-01
-9.998025970424015973e-01
-9.997957841095517217e-01
-9.997867718979318585e-01
-9.997795829170059712e-01
-9.997719874916387583e-01
-9.997632162567602343e-01
-9.997544797761634960e-01
-9.997433346197965864e-01
-9.997325005729635894e-01
-9.997226336258804302e-01
-9.997123579304871832e-01
-9.997027694702120826e-01
-9.996887449995741637e-01
-9.996753175057697671e-01
-9.996618514503774477e-01
-9.996522431936456510e-01
-9.996436430323092370e-01
-9.996283948465155555e-01
-9.996133889039026110e-01
-9.995987604394134252e-01
-9.995853195595917340e-01
-9.995710425583692604e-01
-9.995544707482388880e-01
-9.995408325585983800e-01
-9.995217317553219960e-01
-9.995052731826841175e-01
-9.994864429960301777e-01
-9.994689211894048908e-01
-9.994503130409598812e-01
-9.994337029256437077e-01
-9.994178602819105972e-01
-9.993992830552453910e-01
-9.993814678180920064e-01
-9.993623050927313844e-01
-9.993440959803968626e-01
-9.993259584622214975e-01
-9.993036294935504493e-01
-9.992823647525587161e-01
