1.976218162480164811e-04
3.931033250322154941e-03
1.240446334667329349e-02
1.902509957431703855e-02
1.928241152162682437e-02
1.381027314334692946e-02
7.040791394433168655e-03
3.570005863308006473e-03
5.074875141090048024e-03
9.876896570652821464e-03
1.453845760424604845e-02
1.619580979674769411e-02
1.429434725810156508e-02
1.076197857560666320e-02
8.155284227048739676e-03
7.721255519055530980e-03
8.987539503335027422e-03
1.083890600272194651e-02
1.235807208400241039e-02
1.298539694954182512e-02
1.282524051690040953e-02
1.199007328363575417e-02
1.081824886510088755e-02
9.857978843410468081e-03
9.814711998521434208e-03
1.072719586395119024e-02
1.195031519577956745e-02
1.283041404138937809e-02
1.313629419431725474e-02
1.257038306078797456e-02
1.161214346796812964e-02
1.106516297806046240e-02
1.114852280362176387e-02
1.157323562711867239e-02
1.222233354573554545e-02
1.287847382379227190e-02
1.347218329511071233e-02
1.378182805913191755e-02
1.366684683347946759e-02
1.341402089176249937e-02
1.338977324515332537e-02
1.360843899716215541e-02
1.413185547171787008e-02
1.505565930590599573e-02
1.609623887962855979e-02
1.676770029286960006e-02
1.708462422882227674e-02
1.720910385146911387e-02
1.727691962917835000e-02
1.751273048560442885e-02
1.806173958282490666e-02
1.869052481084853418e-02
1.940337057430968626e-02
2.015705530913167523e-02
2.067049421266331510e-02
2.065010289233392207e-02
2.076616240214460354e-02
2.070350744131756876e-02
2.056746680291731202e-02
2.109762051209188027e-02
2.189996570276178667e-02
2.255608929450310732e-02
2.277705238540522065e-02
2.291785558223668334e-02
2.292157760049853138e-02
2.312807899359594493e-02
2.371708629217951156e-02
2.424622779225142979e-02
2.455672551467665693e-02
2.441390727906572744e-02
2.435583352892591383e-02
2.491594886108249376e-02
2.579738467290568216e-02
2.640023118528253207e-02
2.651957178055005387e-02
2.637626111058575390e-02
2.637476155842355049e-02
2.650490219491891120e-02
2.706015720984579140e-02
2.770133294735026286e-02
2.836741687194708345e-02
2.897439221675440421e-02
2.969005818712240619e-02
3.013862900126526231e-02
3.003644162119633795e-02
2.928817480391489314e-02
2.900802923682854056e-02
2.984617069688268523e-02
3.137140472994198737e-02
3.286746174263381615e-02
3.375060460898420683e-02
3.327420386496502541e-02
3.166315959452715295e-02
3.035402811704218315e-02
3.015143366821363899e-02
3.208006942401481210e-02
3.560053631651045186e-02
3.811835456148202766e-02
3.799905506140151962e-02
3.529832148738561853e-02
