2.121148419520430060e-04
5.964292858841971660e-04
1.877071568463434866e-03
3.921400558826582464e-03
6.526002121883574779e-03
9.440831004939542054e-03
1.239582768539357338e-02
1.512725332413571676e-02
1.740199662472121170e-02
1.903799258239951761e-02
1.991850557991981657e-02
1.999866884068133427e-02
1.930453406352169651e-02
1.792651846660755013e-02
1.600886843856651892e-02
1.373553260640796893e-02
1.131274586578296000e-02
8.949450061347244412e-03
6.838218022516004760e-03
5.139173637750238388e-03
3.968115788596359578e-03
3.389000265787004036e-03
3.411254143854705340e-03
3.992651053626752183e-03
5.047968413115835710e-03
6.461756611259759746e-03
8.102448674092785005e-03
9.835019143604630323e-03
1.153076056250632898e-02
1.307415045169414355e-02
1.436345162762820739e-02
1.531925975031123155e-02
1.588095820211737549e-02
1.601450599232941488e-02
1.571976341927033838e-02
1.503621666417281205e-02
1.404206008307283884e-02
1.284414375583882613e-02
1.156259203515706997e-02
1.031461867731300538e-02
9.201755201851985477e-03
8.302939659912800252e-03
7.668258750512119311e-03
7.317125885561093918e-03
7.239473971288551933e-03
7.402114994623733638e-03
7.759444216035945099e-03
8.261712496857904695e-03
8.861528743226218877e-03
9.514703365838587945e-03
1.018038418146016179e-02
1.082113395616806500e-02
1.140351641892744204e-02
1.189853510056167012e-02
1.228047418843804424e-02
1.253192381964956387e-02
1.264235339620276358e-02
1.261044476221925316e-02
1.244786570885577162e-02
1.217946978127980653e-02
1.184104864657280036e-02
1.147255872909670391e-02
1.111151610850603239e-02
1.078367155208246643e-02
1.049776999224873858e-02
1.024809861864571167e-02
1.002406378290608344e-02
9.822615469159301504e-03
9.655597614178591803e-03
9.547775401332352432e-03
9.527988203901712611e-03
9.610070514471692749e-03
9.789304692011634168e-03
1.003668849711263598e-02
1.030661038614557636e-02
1.054988064242947353e-02
1.072847816752361093e-02
1.082542524897624724e-02
1.084802564360234922e-02
1.082279440592953147e-02
1.078314539429960951e-02
1.075798709727732345e-02
1.076515674864348716e-02
1.080744750321903369e-02
1.087467388794127569e-02
1.095500013525433150e-02
1.104072331902367955e-02
1.113333808024706204e-02
1.124094499601960111e-02
1.137238232879388654e-02
1.153079393070923116e-02
1.170604786312383697e-02
1.186681804157885788e-02
1.196027361287933105e-02
1.192707049454616759e-02
1.171887845819983079e-02
1.131882893335879950e-02
1.075315902418402976e-02
1.008548614686918983e-02
9.403364805298262963e-03
8.795953501062370866e-03
8.333348572619872496e-03
8.057624429481768935e-03
7.985646321350556298e-03
8.118579349503262169e-03
8.451171713363590798e-03
8.972339297697929858e-03
9.661614779647975312e-03
1.048453524757037535e-02
1.139045999983407179e-02
1.231658097939741445e-02
1.318948970093899997e-02
1.393146701030291770e-02
1.447076614732588362e-02
1.474895207269010834e-02
1.472537514914094847e-02
1.438125036293309324e-02
1.372488652428788952e-02
1.279096779535133892e-02
1.163789626514816905e-02
1.034550943236072808e-02
9.011353248980473116e-03
7.741830576802823279e-03
6.642303586268831668e-03
5.808703511698581207e-03
5.319092048818216054e-03
5.230548416184719294e-03
5.576233548847842926e-03
6.360593616233952211e-03
7.553265130010271625e-03
9.085919709940297115e-03
1.085346580379560263e-02
1.271976660120639410e-02
1.452527959071113484e-02
1.609917886751383725e-02
1.727859582834311361e-02
1.792930111879338997e-02
1.796555592846933724e-02
1.736243671444512998e-02
1.615801186530320052e-02
1.444914636222910213e-02
1.237946265695573887e-02
1.012678568290613194e-02
7.889851129575953942e-03
5.871279152091264143e-03
4.261128099913190879e-03
3.215855204512079683e-03
2.839240838886798388e-03
3.171006370662469553e-03
4.180174166574498161e-03
5.768916722417602970e-03
7.781768723164454206e-03
1.002589089377199996e-02
1.229862684688926185e-02
1.440784988762489408e-02
1.618476899286703033e-02
1.749305209452585441e-02
1.823260946651304032e-02
1.834502383596794961e-02
1.782559146455732144e-02
1.672988107569426536e-02
1.516923542770651744e-02
1.328928087853782115e-02
1.125556897365512059e-02
9.245580685517338845e-03
7.418955674091619844e-03
5.917339844457128115e-03
4.857279311792484129e-03
4.319381535706728718e-03
4.333976223581168137e-03
4.878284241952779085e-03
5.883909632284079795e-03
7.250452413551470958e-03
8.860329237804189656e-03
1.058388425068337163e-02
1.228388488439885289e-02
1.381993041352468088e-02
1.505754856094218726e-02
1.587964535388898882e-02
1.620810062253357636e-02
1.602506055391577158e-02
1.536945015110928806e-02
1.432657776947929978e-02
1.302858397939947628e-02
1.162944833246091526e-02
1.028385148537491398e-02
9.125448546896595264e-03
8.248639119412849718e-03
7.704308755755013248e-03
7.500366079767048499e-03
7.608918444032371740e-03
7.977651995811723545e-03
8.535889028732460485e-03
9.206603761461767607e-03
9.912207359976528756e-03
1.058073305017141405e-02
1.115489253038876548e-02
1.159597757223716080e-02
1.188168531511184234e-02
1.201348660006610475e-02
1.200156203153760100e-02
1.186676438421584157e-02
1.164119963856864899e-02
1.136761908796468656e-02
1.109700862088686471e-02
1.088488795383045320e-02
1.077382315092905753e-02
1.078357242942752821e-02
1.090444097312781406e-02
1.109865664914681631e-02
1.131779930003681996e-02
1.150932052091089598e-02
1.162826330414983012e-02
1.164563310322867633e-02
1.155087665060232187e-02
1.134929231749948544e-02
1.106113967712692332e-02
1.071741332666969852e-02
1.034737371086826181e-02
9.978309781600493839e-03
9.643530424052245559e-03
9.368845220104945332e-03
9.182051352511115885e-03
9.112948683458641300e-03
9.180764695523107102e-03
9.386585282444617415e-03
9.716797297591820218e-03
1.014760831586160837e-02
1.064260956765637582e-02
1.117475256116723902e-02
1.172107511943732035e-02
1.225009901376402158e-02
1.272038496947284526e-02
1.308016917268852060e-02
1.328043148866489033e-02
1.328982757386902407e-02
1.310077673315773392e-02
1.273409840155906997e-02
1.223493457489780757e-02
1.165289138117970441e-02
1.103129690384642772e-02
1.040860951071861246e-02
9.789594500716742795e-03
9.197027013344809612e-03
8.667187347400989728e-03
8.250972719249502485e-03
7.998884110167553407e-03
7.958604397303550501e-03
8.158906446598416726e-03
8.596771682659076416e-03
9.243816578002276435e-03
1.004168402855618210e-02
1.091041810773264210e-02
1.176932337502738062e-02
1.254821069637705386e-02
1.319547934933473950e-02
1.368135252239775258e-02
1.399473602740701310e-02
1.413247240926882205e-02
1.409360650017222813e-02
1.387987223211690699e-02
1.349497014538788599e-02
1.294853218316220286e-02
1.225658173200543967e-02
1.144064560646115489e-02
1.053247287770209435e-02
9.579612264320329015e-03
8.646212117247019727e-03
7.806968342110750386e-03
7.138192111709620521e-03
6.702931120161835857e-03
6.549575275073996755e-03
6.701594471886642562e-03
7.162454916141315110e-03
7.928404848675513553e-03
8.981439640941977359e-03
1.027926557464781815e-02
1.174736627426286456e-02
1.327477859359943967e-02
1.472244201699073919e-02
1.594219055855009698e-02
1.679726151955982655e-02
1.717937266014966588e-02
1.702064581992379297e-02
1.631001146708340246e-02
1.509131988033992830e-02
1.345677473877128667e-02
1.154086806865847574e-02
9.507670737159842900e-03
7.543246032930847264e-03
5.836252438604045550e-03
4.556099983780469501e-03
3.833503327951835651e-03
3.742518578481496012e-03
4.287165010561836027e-03
5.400833687743356905e-03
6.976153894276698395e-03
8.882269298802468807e-03
1.096189561092653954e-02
1.305525500250218074e-02
