-4.035007693914863580e+00
-4.100493040096675479e+00
-4.066319332097261707e+00
-4.057086928044449259e+00
-4.140014604625329220e+00
-4.095074855592286234e+00
-4.033019323348598917e+00
-4.047834176610733969e+00
-4.074135079634559453e+00
-4.117442434778727289e+00
-4.008259549324693083e+00
-4.073702385117996094e+00
-4.027312079157674418e+00
-4.001113862967365264e+00
-4.104586720110091846e+00
-4.041848118687655145e+00
-4.106501656286170032e+00
-4.112666413193307058e+00
-4.073687650823094586e+00
-4.051217526067011576e+00
-4.125165708764543027e+00
-4.076907326775587315e+00
-4.098350276758516486e+00
-4.129616244091250721e+00
-4.035865050964059009e+00
-4.066235844867118310e+00
-3.987243889469040958e+00
-4.019489317928192307e+00
-4.082670033378259511e+00
-4.026707196081292572e+00
-4.022776573153354462e+00
-4.075371390434169072e+00
-4.036442751743258839e+00
-4.099360612382103142e+00
-4.006445498465529553e+00
-4.008632980786864586e+00
-4.072997176397426422e+00
-4.035193744225733070e+00
-4.090090193233284488e+00
-4.096522677124696976e+00
-4.063396917555754051e+00
-4.040407934723682537e+00
-4.021913225431746675e+00
-4.062759843728557030e+00
-4.062935933119415033e+00
-4.074203057890729340e+00
-4.051282854029808256e+00
-4.088407979819930205e+00
-4.102163858674451546e+00
-4.016271308879245439e+00
-4.080877306460116039e+00
-4.066871287826441694e+00
-4.046772925583536740e+00
-4.019611827965931639e+00
-4.083090029062030446e+00
-4.052304714984405365e+00
-4.022722939869567860e+00
-4.059448491357492195e+00
-4.068117775397560365e+00
-4.050667413260758742e+00
-4.040905505409528864e+00
-4.037423326651627065e+00
-4.008369672978388643e+00
-4.080721595920270950e+00
-4.083859864735785550e+00
-4.081993999164756026e+00
-4.087786321822452607e+00
-4.073490363868303987e+00
-4.066733369776011742e+00
-4.111585300538934007e+00
-4.109006601797941194e+00
-4.054269754872259490e+00
-4.095562443380188711e+00
-4.075174967104773671e+00
-4.061452129834814073e+00
-4.083506040441118756e+00
-4.033971313278811088e+00
-4.081503677368049310e+00
-4.095581691750879827e+00
-4.076234445211922797e+00
-4.025014158318109381e+00
-4.075805209078362523e+00
-4.088879609252423997e+00
-4.060665732642034342e+00
-4.023105944812688683e+00
-4.122441282719401912e+00
-4.033969877843110119e+00
-4.024400198312338972e+00
-4.107048820155715596e+00
-4.045450356187005880e+00
-4.063618261853116920e+00
-4.064370493105752047e+00
-4.073848603766994536e+00
-4.031073558161493153e+00
-4.042118093278275204e+00
-4.096556143159213903e+00
-4.097533651996513981e+00
-4.035504294056265095e+00
-4.091872703836413550e+00
-4.057250974103742358e+00
