-2.121437674232409520e+01
-2.124365830052327553e+01
-2.128877945249633541e+01
-2.124546096115025762e+01
-2.125838732785972240e+01
-2.128001767247599929e+01
-2.127962878478041375e+01
-2.126003602896615163e+01
-2.124787252377977254e+01
-2.124478781651963644e+01
-2.127102468350321018e+01
-2.126267579577200095e+01
-2.126030192982477729e+01
-2.126585475044311124e+01
-2.126890717922891128e+01
-2.126057693719482344e+01
-2.125626474186488224e+01
-2.125765213781075502e+01
-2.126260490420293792e+01
-2.126051611186262491e+01
-2.126074717343398035e+01
-2.126716864018045428e+01
-2.126056782488199914e+01
-2.126013116444917372e+01
-2.126425385037113003e+01
-2.125461340116797970e+01
-2.125614479737600959e+01
-2.125982902876678793e+01
-2.126198680599986801e+01
-2.125635115130419450e+01
-2.126314013501235678e+01
-2.124566455547737220e+01
-2.125172339562547208e+01
-2.128653634543881523e+01
-2.122968556272316576e+01
-2.124956230299364179e+01
-2.128797637609028115e+01
-2.121481858220202454e+01
-2.126493925176820099e+01
-2.126369242357766609e+01
-2.124223798684865372e+01
-2.127493559789256139e+01
-2.122813629121476708e+01
-2.126582295133347245e+01
-2.122417688996616647e+01
-2.124330474573940464e+01
-2.125126595864810852e+01
-2.122056724252610849e+01
-2.127395438355877033e+01
-2.124318607781624735e+01
-2.123510846004359820e+01
-2.121769575106487693e+01
-2.124991566478140470e+01
-2.121622549046314177e+01
-2.122860774137002693e+01
-2.125860255346034933e+01
-2.124182463131470655e+01
-2.123357491501198524e+01
-2.121218059985476145e+01
-2.122775327067015994e+01
-2.122031947293338661e+01
-2.121892119484650507e+01
-2.122485429994755535e+01
-2.125614354133655937e+01
-2.122419861622862669e+01
-2.119811052336378410e+01
-2.120699602713828469e+01
-2.123080628358916400e+01
-2.120300717061926221e+01
-2.121030601119862880e+01
-2.122646558017359908e+01
-2.122238434277561581e+01
-2.119961316598865864e+01
-2.118345872119223827e+01
-2.122579425818202026e+01
-2.120162424001416923e+01
-2.118936779761463640e+01
-2.121328389999167996e+01
-2.119009778296613433e+01
-2.120597066966198696e+01
-2.119797306188957720e+01
-2.117249233395412489e+01
-2.122141031223035057e+01
-2.116499767635970741e+01
-2.119211440085726039e+01
-2.120077584652642955e+01
-2.115843658061280763e+01
-2.119700634717576548e+01
-2.118304618627976410e+01
-2.117083961976538831e+01
-2.116147419126983920e+01
-2.119069648476747147e+01
-2.117189438761232978e+01
-2.115341870397030988e+01
-2.118265474159027661e+01
-2.115162845285683346e+01
-2.115961448546751811e+01
-2.115395259180774801e+01
-2.116740657514118951e+01
-2.116418526723861149e+01
