-4.171031700054766311e+00
-4.171018542305812815e+00
-4.171021562107251057e+00
-4.171019082918102860e+00
-4.171021884946785718e+00
-4.171022646410824208e+00
-4.171030344202732998e+00
-4.171018507869009184e+00
-4.171026848724263658e+00
-4.171027842538491015e+00
-4.171018297513042761e+00
-4.171028466791939060e+00
-4.171030560141167243e+00
-4.171019819229774939e+00
-4.171024212176614121e+00
-4.171018956085370988e+00
-4.171023803211364900e+00
-4.171020385898883909e+00
-4.171023330059517420e+00
-4.171022911092712171e+00
-4.171019245472614045e+00
-4.171018682736990613e+00
-4.171026692651007117e+00
-4.171014396036247796e+00
-4.171021095407263957e+00
-4.171023761092971682e+00
-4.171016132011900801e+00
-4.171017822453641166e+00
-4.171019798375825260e+00
-4.171017772878052199e+00
-4.171021438642462442e+00
-4.171021114415179198e+00
-4.171016353243170549e+00
-4.171023457005414770e+00
-4.171018641436085694e+00
-4.171025433146755113e+00
-4.171030930135542825e+00
-4.171012693384662740e+00
-4.171020917330795719e+00
-4.171028270452382003e+00
-4.171019019324976540e+00
-4.171022635441696380e+00
-4.171022559369315097e+00
-4.171021685059415951e+00
-4.171017933556022683e+00
-4.171023386897110719e+00
-4.171024261079720574e+00
-4.171019434914340351e+00
-4.171016331679910927e+00
-4.171020609151331549e+00
-4.171024341748092112e+00
-4.171018381663604835e+00
-4.171015455727649979e+00
-4.171027778638274341e+00
-4.171018568945499716e+00
-4.171022927065772379e+00
-4.171024537678897026e+00
-4.171026537394396883e+00
-4.171024749210691773e+00
-4.171025765738384017e+00
-4.171018337717241842e+00
-4.171026375050838730e+00
-4.171021665208913376e+00
-4.171014861905758764e+00
-4.171021766577007739e+00
-4.171023517321774676e+00
-4.171026122102775346e+00
-4.171015034392891785e+00
-4.171026014636212587e+00
-4.171027784543579031e+00
-4.171021898520760551e+00
-4.171018049962931684e+00
-4.171025493099915771e+00
-4.171026780673636303e+00
-4.171024493746500639e+00
-4.171018270827342889e+00
-4.171019456712283358e+00
-4.171019661743554430e+00
-4.171024255316146956e+00
-4.171013029283657580e+00
-4.171024932630574611e+00
-4.171019194743275094e+00
-4.171025324887355445e+00
-4.171019333822062691e+00
-4.171014595427031679e+00
-4.171020317358107299e+00
-4.171020083873216322e+00
-4.171022071795362329e+00
-4.171017565676489625e+00
-4.171025188910753911e+00
-4.171024123629418767e+00
-4.171020294890137592e+00
-4.171016271604835346e+00
-4.171016791638336940e+00
-4.171019105073560773e+00
-4.171021149289551033e+00
-4.171021323454641383e+00
-4.171016556198586578e+00
-4.171030066272756187e+00
-4.171027202472290973e+00
