3.936606861806302149e-04
3.900428827172675028e-04
4.322610172852181520e-04
5.741658172085939427e-04
1.000541123745701810e-03
1.695012317347366348e-03
2.350428738145948770e-03
2.546991430765865871e-03
2.434524548252769982e-03
2.936521839880246176e-03
5.062811299675007426e-03
9.540758323857922996e-03
1.537187851895394086e-02
2.206446078987545079e-02
2.641294234403934738e-02
2.751591366407202255e-02
2.502135514805348127e-02
2.343460549661258163e-02
2.268168531878611560e-02
2.559246498175438145e-02
3.096857305265221516e-02
3.700964224421487980e-02
4.041973897438511099e-02
4.436342416557947921e-02
5.371826876058005684e-02
7.174371143617086499e-02
1.064861154325772441e-01
1.490733689854282229e-01
2.007437096855095859e-01
2.496113309556102777e-01
2.840313511564708238e-01
2.981527058911375150e-01
3.114767006851744124e-01
2.944772405027875628e-01
2.810712749223365226e-01
2.549942881183741017e-01
2.244234246167446933e-01
2.039795494107436991e-01
2.079121360102273997e-01
2.313635254558505938e-01
2.864504212983893794e-01
3.406574868521520250e-01
4.101366817347226190e-01
4.754006878835433936e-01
4.816836621901339210e-01
4.636082129137648611e-01
3.910832255361095244e-01
3.529618053276051270e-01
3.263512747358117139e-01
3.343702363180589554e-01
3.703289622218391974e-01
3.739263247136266344e-01
3.812399233130635556e-01
3.742947870079190720e-01
3.444236674605564152e-01
3.283042990461000343e-01
3.132077389002219103e-01
3.377296353346648239e-01
4.054400948900724888e-01
5.322835502372789129e-01
7.000667258408592719e-01
8.339536115109612568e-01
9.543872622539700812e-01
9.881589319877767119e-01
9.831388744192783857e-01
9.197623209382437270e-01
8.513566745717436879e-01
7.724751095736329676e-01
7.505904355627546209e-01
7.522732932147020435e-01
7.760128910761456833e-01
8.549283120248349910e-01
9.023492295130657315e-01
9.941720882146658500e-01
8.938291397589180898e-01
9.853223678379230410e-01
8.750467912838977291e-01
7.929366796537319351e-01
6.204164027713165996e-01
6.324068667912737807e-01
7.782205239258928042e-01
9.621399583363454688e-01
7.040397175240533656e-01
7.187728343216728266e-01
9.480897355298123497e-01
8.367749889130318142e-01
6.889660246973730029e-01
7.451312367721261154e-01
8.539466953244052583e-01
9.866073695411484712e-01
8.425146043112199390e-01
6.623951071423492820e-01
5.539567664121223256e-01
7.329139312284822516e-01
9.706317986476549198e-01
7.594575355776237435e-01
8.597312018861426042e-01
7.540610246338227407e-01
5.395247432137287857e-01
6.739748734367194682e-01
