3.993523098478890532e-04
4.030403860098008550e-04
4.124263735880706605e-04
4.261144556400031647e-04
4.436148331824485425e-04
4.667032918388436258e-04
4.924749366258529548e-04
5.291831290586967995e-04
5.660832161656914607e-04
6.074660254895558609e-04
6.510992179805663582e-04
6.983767097938908819e-04
7.450407044430340520e-04
7.945456774460790683e-04
8.589153577970298770e-04
9.227999200683845160e-04
9.974706106975483877e-04
1.069273634904721604e-03
1.145794802312916083e-03
1.226917405135696804e-03
1.347904685662704161e-03
1.441817676131718073e-03
1.528884923888362835e-03
1.645356362784955451e-03
1.772725764666360782e-03
1.859325265089362134e-03
1.965711912091827607e-03
2.107685181591767432e-03
2.259697508947278166e-03
2.394254866302958362e-03
2.493444550878964883e-03
2.635278581675448706e-03
2.839189829503152573e-03
3.020126440847259452e-03
3.309751393705595568e-03
3.370771847943765387e-03
3.456048489282159686e-03
3.670300185299679718e-03
3.771696740415109161e-03
3.917409823136264180e-03
4.141235092606554424e-03
4.304233906937571241e-03
4.444212829182503377e-03
4.641592943550598704e-03
4.872398706068148400e-03
5.126923931220161990e-03
5.142029922723390101e-03
5.304201089926685597e-03
5.468466301781105265e-03
5.660602947716308897e-03
5.786723036781737939e-03
5.929195287749600141e-03
6.152079181265701635e-03
6.352474628515292210e-03
6.326349403769193636e-03
6.596591241406435380e-03
6.818855808340629210e-03
7.050314898775389416e-03
7.247621475900745125e-03
7.388760272400762830e-03
7.474327406905234561e-03
7.558338355967086919e-03
7.910448374481071632e-03
8.152815524808398884e-03
8.103394398699892420e-03
8.425258334157414986e-03
8.703029180436194778e-03
8.840062126822534339e-03
8.979148966208216898e-03
9.190431562008605226e-03
9.566903661357040178e-03
9.900781568478067562e-03
1.002327808205816240e-02
1.044596994195490236e-02
1.057900232138497820e-02
1.122792592520016619e-02
1.137528021324230032e-02
1.173918970951692842e-02
1.188831741316431767e-02
1.238879505265588765e-02
1.266362136810739170e-02
1.281665323296443670e-02
1.338987260678115021e-02
1.381853911944497248e-02
1.426193518078500144e-02
1.490174940355637467e-02
1.522334908089884031e-02
1.567621668539997959e-02
1.601699272984968836e-02
1.663885835872558339e-02
1.715769368934072503e-02
1.744181133686317775e-02
1.821627982363460685e-02
1.883482683214110498e-02
1.909879198904307351e-02
1.974000094598160615e-02
2.037723927264656343e-02
2.102038629693081528e-02
2.175300948030733927e-02
2.263664497035666745e-02
