3.141592653302004656e+00
3.141592653421417580e+00
3.141592653469335250e+00
3.141592653468716190e+00
3.141592653433302740e+00
3.141592653370019139e+00
3.141592653281110259e+00
3.141592653166102256e+00
3.141592653023487891e+00
3.141592652852613909e+00
3.141592652655460505e+00
3.141592652437806166e+00
3.141592652211463221e+00
3.141592651997673347e+00
3.141592651830953820e+00
3.141592651765483968e+00
3.141592651884466125e+00
3.141592652324433743e+00
3.141592653315797179e+00
3.141592651956476079e+00
3.141592648569728752e+00
3.141592642871035235e+00
3.141592633703588877e+00
3.141592619579975487e+00
3.141592598659851632e+00
3.141592568838010191e+00
3.141592527901156284e+00
3.141592473757041759e+00
3.141592404709518505e+00
3.141592320092283508e+00
3.141592220585355477e+00
3.141592107881721940e+00
3.141591985762451245e+00
3.141591857956471223e+00
3.141591727546818369e+00
3.141591599020702397e+00
3.141591476543634798e+00
3.141591357615316493e+00
3.141591231746738710e+00
3.141591082674826119e+00
3.141590889861531011e+00
3.141590627447847783e+00
3.141590269801046276e+00
3.141589789757702977e+00
3.141589173134192503e+00
3.141588424979627980e+00
3.141587623482320790e+00
3.141586864984061478e+00
3.141586253946217155e+00
3.141585908855129894e+00
3.141585996805145165e+00
3.141586887954247231e+00
3.141588933391245675e+00
3.141592335739080699e+00
3.141588065889984627e+00
3.141581911100067792e+00
3.141574676607225225e+00
3.141566603933743984e+00
3.141558550314243359e+00
3.141551175641142724e+00
3.141545320570787059e+00
3.141542747704491045e+00
3.141545537492859363e+00
3.141554208401649007e+00
3.141568770810701405e+00
3.141590229439843451e+00
3.141567316083032857e+00
3.141535372217728384e+00
3.141501192259193775e+00
3.141468322068410757e+00
3.141440775856496614e+00
3.141422374255987471e+00
3.141417353957154379e+00
3.141430692458956564e+00
3.141467803253899849e+00
3.141529572950482407e+00
3.141572373032538223e+00
3.141469031248787402e+00
3.141353413914263371e+00
3.141238577422379219e+00
3.141136250830511401e+00
3.141057424415202526e+00
3.141020142465259735e+00
3.141038437735998112e+00
3.141118471997750294e+00
3.141257841122012895e+00
3.141453250581434098e+00
3.141493566295961770e+00
3.141231963256045034e+00
3.140973065655059848e+00
3.140749931306200171e+00
3.140592372915866015e+00
3.140518306657708258e+00
3.140550754357005925e+00
3.140706333382273563e+00
3.140980248942931041e+00
3.141358324857758788e+00
3.141376635438001941e+00
3.140906077802506413e+00
3.140453890310207274e+00
3.140073797052011173e+00
3.139823015140366103e+00
3.139732128631956165e+00
3.139808582097736167e+00
3.140048353828575056e+00
3.140457521956506959e+00
3.141011637578277949e+00
3.141540846428476641e+00
3.140876140770572977e+00
3.140242086436236146e+00
3.139702656547868287e+00
3.139305874009603592e+00
3.139085743819567842e+00
3.139061720423179214e+00
3.139240422568179145e+00
3.139615050955995024e+00
3.140168052639763285e+00
3.140826279389841602e+00
3.141534709145914039e+00
3.140927294083662780e+00
3.140255593934079048e+00
3.139690280954591017e+00
3.139275853890340251e+00
3.139050497886487712e+00
3.139032559290196644e+00
3.139203783982714047e+00
3.139565299511391405e+00
3.140134576030843672e+00
3.140890292837320796e+00
3.141423594809769071e+00
3.140497142711364376e+00
3.139564865503041258e+00
3.138683662930151552e+00
3.137940356111034390e+00
3.137393221550194511e+00
3.137096797317429520e+00
3.137109017172852621e+00
3.137453292127154292e+00
3.138112688813921469e+00
3.139071091544527903e+00
3.140246442824023543e+00
3.141568078419353593e+00
3.140278938962684840e+00
3.139042837585999557e+00
3.138026816096603611e+00
3.137336406292528856e+00
3.137092679250374161e+00
3.137343770298680390e+00
3.138062609625118071e+00
3.139204679343481352e+00
3.140686854193857958e+00
3.140796281111605914e+00
3.139015617973875294e+00
3.137308901941947337e+00
3.135819321366176027e+00
3.134663454976153840e+00
3.133958204615238330e+00
3.133806161790214873e+00
3.134190846455647161e+00
3.135070905945013475e+00
3.136386540812307278e+00
3.138061772401320226e+00
3.139971852300831312e+00
3.141267817438356147e+00
3.139476710302761653e+00
3.137946117429140536e+00
3.136833147702373203e+00
3.136249980753763378e+00
3.136240641751697478e+00
3.136791442559916376e+00
3.137873096253489091e+00
3.139413971290732519e+00
3.141284637806762259e+00
3.139836531529623720e+00
3.137725522804477585e+00
3.135724773280272437e+00
3.134031527909374226e+00
3.132834069517599129e+00
3.132216284058358724e+00
3.132249696204881140e+00
3.132930008844999392e+00
3.134183663554540367e+00
3.135908510355104983e+00
3.137949998815301011e+00
3.140132945150972965e+00
3.140925494308678623e+00
3.139062260165088158e+00
3.137627505748506795e+00
3.136705057918360406e+00
3.136374109120166676e+00
3.136686556970959661e+00
3.137623085479517293e+00
3.139068547063780024e+00
3.140853812347987883e+00
3.140329371688609150e+00
3.138266787849601336e+00
3.136338892123290645e+00
3.134663908691709633e+00
3.133379220476449234e+00
3.132623490623057005e+00
3.132437117738716470e+00
3.132795892463776877e+00
3.133610781443152415e+00
3.134791117529067250e+00
3.136261495097397933e+00
3.137879064644759186e+00
3.139440608449593384e+00
3.140845031850522773e+00
3.141193232282147640e+00
3.140388775257541010e+00
3.139981318345530958e+00
3.139984483747524369e+00
3.140382324873559394e+00
3.141171462077791521e+00
3.140866591987386158e+00
3.139501766337421174e+00
3.138102577063120346e+00
3.136793545240291969e+00
3.135646745063031204e+00
3.134747872413059522e+00
3.134171450348020915e+00
3.133905091266423693e+00
3.133925203316551666e+00
3.134183646435011461e+00
3.134600629748728551e+00
3.135117924422059499e+00
3.135692279169876251e+00
3.136265034890511672e+00
3.136791866469202272e+00
3.137210905042925546e+00
3.137474451354939298e+00
3.137592206130642047e+00
3.137614084326571628e+00
3.137572961296302143e+00
3.137468300422403100e+00
3.137314189315566271e+00
3.137149716251835141e+00
3.137006125810999357e+00
3.136882841555382662e+00
3.136768372460966958e+00
3.136657754705739709e+00
3.136585733560439682e+00
3.136552522848620406e+00
3.136496284147548330e+00
3.136377177363344426e+00
3.136166241426136647e+00
3.135857115552392660e+00
3.135485670841464234e+00
3.135084683505922953e+00
3.134688527852961482e+00
3.134353619219898412e+00
3.134138985210489725e+00
3.134049832251518453e+00
3.134088551183070503e+00
3.134220331014697880e+00
3.134425240053133166e+00
3.134704319915700310e+00
3.135096836094482864e+00
3.135618954773996769e+00
3.136206364609470221e+00
3.136755546802276751e+00
3.137196365904748596e+00
3.137499201213763911e+00
3.137629983591428307e+00
3.137553899780744171e+00
3.137298500192684525e+00
3.136881999388199116e+00
3.136317828987870815e+00
3.135659603764802128e+00
3.135000546701834701e+00
3.134395052331094167e+00
3.133881257014478283e+00
3.133515836829305901e+00
3.133336831812489010e+00
3.133359922079967497e+00
3.133542960245029096e+00
3.133873428615738810e+00
3.134378897568378619e+00
3.134937163650048486e+00
3.135453156276121867e+00
3.135885315211577762e+00
3.136207925094548266e+00
3.136438996522458833e+00
3.136571091803089129e+00
3.136585297176158083e+00
3.136513535190479374e+00
3.136387411109690770e+00
3.136166836729583629e+00
3.135856799408134332e+00
3.135522123358793323e+00
3.135228427317166222e+00
3.135011506872741993e+00
3.134843508317809224e+00
3.134662497552532123e+00
3.134483756785483521e+00
3.134339463972100503e+00
3.134194131638790903e+00
3.134028216232243036e+00
3.133909434842344854e+00
3.133881029877357172e+00
