3.182982173778299909e-05
4.444689991496936731e-05
5.028614895195454999e-05
5.081616571654121373e-05
4.833186831221615766e-05
4.566822700447204745e-05
4.572806258632738306e-05
5.092026720286962628e-05
6.264342455824186448e-05
8.096744531849236700e-05
1.046402720047598492e-04
1.314709068657856045e-04
1.590330165358830078e-04
1.855371047784880193e-04
2.106734389933762714e-04
2.362432181048280293e-04
2.664416263611595732e-04
3.077274662085529807e-04
3.682713742493959439e-04
4.570222576206237975e-04
5.824731671048530854e-04
7.512136740310700316e-04
9.664127305137269188e-04
1.226343173344012936e-03
1.523167876181283527e-03
1.842207217180633506e-03
2.161878820651135045e-03
2.454650115898935909e-03
2.689049879315290933e-03
2.832689902379179839e-03
2.856484858149336593e-03
2.738080128254802119e-03
2.467321186386641982e-03
2.049433469146819294e-03
1.507102637152235884e-03
8.806079044389996530e-04
2.259033057358151187e-04
3.896479738053475216e-04
8.943484430002061761e-04
1.219043753867987082e-03
1.304591821983710175e-03
1.111193856427130722e-03
6.238500800147138339e-04
1.439126769328270947e-04
1.148668689897721241e-03
2.318912077394059707e-03
3.560579535006856873e-03
4.765362526346481574e-03
5.821127225859177440e-03
6.623701244536071148e-03
7.088084066004288544e-03
7.157228326624346347e-03
6.808512646213865475e-03
6.057961232438036428e-03
4.959666946210544540e-03
3.601506143802976449e-03
2.097550974067587549e-03
5.777216481507847865e-04
8.238267340828033837e-04
1.979054287221524398e-03
2.777570415767365453e-03
3.135540677050602243e-03
3.003457085399960716e-03
2.371419393105009526e-03
1.270771507129170438e-03
2.275978081894614903e-04
2.017161732072328927e-03
3.963123653639494780e-03
5.914079614496603812e-03
7.713282706652173533e-03
9.210378410313493219e-03
1.027488497303484342e-02
1.080886229903926798e-02
1.075500193006736008e-02
1.010140580053611563e-02
8.886694899179911622e-03
7.199006411532358519e-03
5.166838101771572059e-03
2.954939638088760825e-03
7.490961275831526864e-04
1.260665705902458671e-03
2.889473451604967439e-03
3.979507289421407162e-03
4.420167399555610839e-03
4.151446981002253865e-03
3.173086030639299567e-03
1.547479083998382727e-03
6.032619460404838084e-04
3.104584880203101020e-03
5.743081700169583477e-03
8.291620818876709043e-03
1.052804535583116638e-02
1.225213448179047170e-02
1.331002756971948545e-02
1.360453308056791023e-02
1.310460693775059547e-02
1.185400923831665849e-02
9.970262952269642182e-03
7.633623545183636054e-03
5.065635660655952444e-03
2.502934086766441316e-03
1.806412294577441674e-04
1.691027609542884377e-03
2.942306307461416571e-03
3.460456848608110640e-03
3.213831125295135704e-03
2.244076442466207133e-03
6.507296441985446159e-04
1.411797004601992840e-03
3.750989829846310304e-03
6.157981066344388188e-03
8.423215332731879765e-03
1.035388286446834588e-02
1.179430129859636821e-02
1.264050140596940583e-02
1.284970417500929350e-02
1.244039593253607606e-02
1.147927105767737425e-02
1.007674505965892170e-02
8.377175245480062218e-03
6.544739354264751154e-03
4.750020732694123886e-03
3.154274195458355110e-03
1.892351772662198778e-03
1.060771529263930708e-03
7.113770627934282425e-04
8.508954297994517297e-04
1.443640525101958817e-03
2.416283748717226645e-03
3.664495057648545044e-03
5.061135636598190421e-03
6.470460748406735817e-03
7.764517633467323161e-03
8.834847945217617557e-03
9.604463964181712485e-03
1.003140875378216550e-02
1.011322055215559297e-02
9.884409428912992179e-03
9.405478781540960523e-03
8.757205242985526342e-03
8.028347471647590688e-03
7.306107660621589603e-03
6.667415444629795976e-03
6.169797136719453769e-03
5.845126744151229320e-03
5.698183934381939771e-03
5.716650216457215203e-03
5.872977113294465534e-03
6.128769489589618903e-03
6.439057316548208419e-03
6.760871543743043541e-03
7.060032505820287504e-03
7.310778937215852216e-03
7.499322614319780048e-03
7.625938071544166932e-03
7.698957527016549521e-03
7.725605001332914654e-03
7.719994911227436377e-03
7.700695866903706395e-03
7.690316176508487506e-03
7.713249564780931371e-03
7.790501712428893680e-03
7.936214274715238867e-03
8.146648763919078426e-03
8.415251042989815161e-03
8.713913893810267333e-03
9.014943665145696422e-03
9.284606686066617515e-03
9.484571806997226656e-03
9.579410997925755927e-03
9.546860779418849668e-03
9.376680370333692616e-03
9.077777660237691323e-03
8.677305316446297725e-03
8.223716743201775134e-03
7.776735711595852453e-03
7.397945496632704968e-03
7.145709840925350276e-03
7.062986339718347467e-03
7.175688454182735203e-03
7.484055352969697615e-03
7.962793251618352150e-03
8.564153210630707017e-03
9.222267244852585394e-03
9.864788936066648875e-03
1.041898624910416599e-02
1.082546921798206892e-02
1.104528584790168654e-02
1.106094593771133824e-02
1.087759316405629423e-02
1.052307771565754758e-02
1.005250143211944627e-02
9.536166872355851185e-03
9.049503618717615744e-03
8.653850732557488018e-03
8.395614462115962712e-03
8.305030724738132059e-03
8.398088426848131227e-03
8.672322578136767296e-03
9.103428373089588951e-03
9.647063995399022748e-03
1.024747364383799333e-02
1.084702417962705306e-02
1.138448008261874755e-02
1.180700151098284904e-02
1.206304024481004086e-02
1.211782509227748300e-02
1.196807404982758866e-02
1.162552954405737457e-02
1.112245337428583586e-02
1.051036594417742095e-02
9.876026900575558126e-03
9.286562722066241810e-03
8.809677987544790867e-03
8.516592148708233140e-03
8.452093883277111974e-03
8.627801276716560303e-03
9.038577240560671106e-03
9.658886997391794363e-03
1.044087773982008312e-02
1.132007515044736179e-02
1.222232247374712040e-02
1.306704374664369346e-02
1.377964444019903582e-02
1.430330770363646455e-02
1.459644452536025365e-02
1.463430764860492242e-02
1.441072841482372684e-02
1.393791804968385305e-02
1.325534393638446232e-02
1.241579733921279426e-02
1.148003520049719652e-02
1.051763016535765642e-02
9.598805414663458269e-03
8.798839406307769687e-03
8.195388508343686221e-03
7.854288565198212085e-03
7.819129620074529233e-03
8.113741616154038216e-03
8.742598553555233631e-03
9.681129469353951661e-03
1.088371621923706761e-02
1.227745291910631135e-02
1.375755567646913188e-02
1.519683769375477361e-02
1.647179061662428640e-02
1.746856563366801576e-02
1.808954907776593596e-02
1.827524099718301834e-02
1.799922545990410502e-02
1.726584534777094934e-02
1.611708246473856146e-02
1.463769180536938011e-02
1.295034806845198928e-02
1.120027689404688546e-02
9.538834260423402836e-03
8.107832171829506065e-03
7.029783304002419110e-03
6.405443775769476683e-03
6.309424882282066091e-03
6.769992783069499719e-03
7.768186322266986375e-03
9.242776828649709037e-03
1.109686972182630411e-02
1.319623478530150551e-02
1.538203844138487722e-02
1.747591301852312318e-02
1.930244918132600906e-02
2.071596515268553720e-02
2.158506695959734600e-02
2.181647038788702905e-02
2.136700290517720355e-02
2.026337344557505721e-02
1.859710826866122976e-02
1.649954617648410893e-02
1.414386887017899698e-02
1.173421161177715805e-02
9.484546751892548172e-03
7.600967332328247526e-03
6.262129893300752773e-03
5.599224085970111973e-03
5.688680626508957339e-03
6.534729411451914612e-03
8.067095076179779320e-03
1.015252240895386272e-02
1.261266147199232093e-02
1.524131071101545061e-02
1.781810176216354347e-02
2.011897473642564396e-02
2.195663040770603688e-02
2.318795763831639489e-02
2.371631913134861908e-02
2.350758987518471177e-02
2.258893788558941421e-02
2.104389766696006941e-02
1.901853170747573249e-02
1.668495339837910291e-02
1.426245918866090451e-02
1.196587114113343425e-02
9.999478685962600102e-03
