3.657558351445730591e-07
5.833070779214896163e-07
1.027658124103669053e-06
1.682724362415640619e-06
2.599721274862255139e-06
3.873260811208087275e-06
5.630670135217955892e-06
8.029721310938069481e-06
1.126016641903742916e-05
1.554607806757220915e-05
2.114738165294802733e-05
2.836024843381634812e-05
3.751682574229039263e-05
4.898449863912760535e-05
6.316431150571496090e-05
8.048798285392077178e-05
1.014116675774740087e-04
1.263867413977256616e-04
1.557903518118812199e-04
1.898895159382436772e-04
2.286427205320406186e-04
2.715341212524572724e-04
3.173127739376153706e-04
3.637667415561224023e-04
4.074996773126695151e-04
4.439561211285901932e-04
4.676637230586222515e-04
4.728917826059457832e-04
4.546738293254160685e-04
4.101833143163501278e-04
3.402216995390557313e-04
2.505795360936255065e-04
1.530171557898717821e-04
6.515221148816654063e-05
9.199527252986822965e-06
9.242933339141371464e-06
8.727506114500489223e-05
2.584534527819622738e-04
5.262542300433287667e-04
8.784316297136699273e-04
1.284760990262673102e-03
1.697325700613981723e-03
2.053890479505163496e-03
2.284524146964741608e-03
2.321021398240599720e-03
2.108343830683151541e-03
1.616413981295718215e-03
8.503935883882688404e-04
1.424842222757307395e-04
1.271429759866872684e-03
2.407070930269393505e-03
3.393369587415208301e-03
4.066211778364522272e-03
4.276353980743164730e-03
3.913589042222794141e-03
2.928881947777306656e-03
1.350519919064340803e-03
7.089183764570657206e-04
3.057651439680586416e-03
5.442094635001483438e-03
7.574395103891254366e-03
9.168427445504357190e-03
9.979252976670158898e-03
9.839209695738473579e-03
8.685053285354876751e-03
6.574189414477016324e-03
3.685116336907685777e-03
2.998801628478080282e-04
3.227445446907761025e-03
6.512364843937885374e-03
9.187668938536848462e-03
1.094990280434026200e-02
1.159708912177048572e-02
1.105261194874246865e-02
9.370798902565917465e-03
6.724115051476121235e-03
3.379252375057308251e-03
3.368691099244317563e-04
4.080826629973840526e-03
7.533736995847729011e-03
1.043385714765819421e-02
1.259452214738855831e-02
1.390667288141514586e-02
1.433135999815847439e-02
1.388689717676622713e-02
1.262821629723648656e-02
1.062738522164495721e-02
7.963541681472879191e-03
4.723026236286907535e-03
1.009260147675461808e-03
3.034007732010275335e-03
7.201541460899362618e-03
1.121602070056009100e-02
1.473311326624588725e-02
1.736502886180892741e-02
1.871625562411480953e-02
1.843376814104207700e-02
1.627322633550111822e-02
1.216617425796585189e-02
6.275249615861517270e-03
9.840787510509627339e-04
8.965045662072365293e-03
1.685205106438528166e-02
2.375517271443549142e-02
2.881684536510554367e-02
3.132305183458403836e-02
3.081609219402526093e-02
2.718469833550125545e-02
2.069820452057117774e-02
1.198502346742274204e-02
1.952467564557334740e-03
8.332214848940640989e-03
1.777476930685907563e-02
2.538575706286903821e-02
3.039875400485253162e-02
3.235560503396051751e-02
3.114963133951495142e-02
2.701409471348520733e-02
2.046133343865090895e-02
1.219407034164040997e-02
3.012543827804123331e-03
6.269529902851378976e-03
1.489957766196743638e-02
2.224404394322422249e-02
2.782240510286942969e-02
3.131568987851696823e-02
3.255501555832481658e-02
3.150191375364105872e-02
2.824028029348257460e-02
2.297642607123832545e-02
1.604252567662231566e-02
7.898944701449753941e-03
8.722207278293753760e-04
9.587977882205110311e-03
1.751276904414361679e-02
2.391688083124185807e-02
2.814441036725832262e-02
2.970817912534187699e-02
2.835999478759780937e-02
2.413412377094804537e-02
1.738231358215107381e-02
8.761339822978083183e-03
8.375198169376843861e-04
1.039672380704700048e-02
1.889937947641440186e-02
2.545478482263282410e-02
2.941155581553769882e-02
3.043516914244524113e-02
2.853527368078669774e-02
2.405591645475006757e-02
1.762029764734593038e-02
1.004436645762870998e-02
2.221804025584316316e-03
4.997818293003044796e-03
1.091771045015264494e-02
1.506976587864174849e-02
1.724201083349532690e-02
1.746254718437332404e-02
1.595355710081082859e-02
1.307731577623320179e-02
9.272056501014282887e-03
4.988671085590408970e-03
6.424401209172988332e-04
3.418157479689172724e-03
6.926240511719318135e-03
9.698790710231081080e-03
1.162096637166617347e-02
1.263341840291790953e-02
1.273118689565829950e-02
1.196236442195724309e-02
1.043211159268585785e-02
8.305938246122893456e-03
5.805280306914653750e-03
3.196887705546604466e-03
7.659241122532893130e-04
1.216943634096560693e-03
2.531419978302558785e-03
3.045605056116032234e-03
2.747524078440753779e-03
1.747620587983889518e-03
2.686416319124381390e-04
1.389220996330398430e-03
2.906680508790102958e-03
4.003299627896679189e-03
4.477430369787775179e-03
4.238385081844749623e-03
3.334187846730178768e-03
1.943979626799545403e-03
3.372629428042640863e-04
1.173585715179559664e-03
2.286550259966296361e-03
2.760830411219187749e-03
2.462477644206710354e-03
1.386542520696174485e-03
3.431064234089698634e-04
2.500154181375488071e-03
4.803117292813386362e-03
6.950543126334548724e-03
8.670983277550829704e-03
9.769520896000655902e-03
1.014589606571040213e-02
9.796148853060994421e-03
8.797572524031949809e-03
7.282309719311779242e-03
5.396257852927202614e-03
3.288655333423221461e-03
1.102058742123233253e-03
1.029468583982796328e-03
2.974158060389488299e-03
4.601812311265404340e-03
5.790158361571031906e-03
6.414284445992170410e-03
6.360184079946497836e-03
5.550519591671397059e-03
3.965005496574827010e-03
1.667394684640937036e-03
1.184356944117418483e-03
4.344623635137356485e-03
7.485050412538841666e-03
1.023736869355290798e-02
1.225618304630721189e-02
1.327103365434279848e-02
1.312697455753505764e-02
1.182144782119889589e-02
9.521498844208315868e-03
6.527565175478740843e-03
3.225757299654649288e-03
4.311638739262030025e-05
2.609866130018621486e-03
4.418578342084097423e-03
5.203908637142694651e-03
4.937593536312932969e-03
3.746865938730713219e-03
1.889998380163633151e-03
2.918923884454035860e-04
2.428096308758990410e-03
4.185471737120006162e-03
5.334071130875001066e-03
5.769934637685045394e-03
5.523539348995895604e-03
4.751698964793184092e-03
3.705092904814186790e-03
2.665853279753782352e-03
1.899337318720553712e-03
1.607601207572043923e-03
1.881617600005103036e-03
2.695285890044277384e-03
3.920911685909895736e-03
5.340492292591507081e-03
6.684108352948853540e-03
7.686618541909507815e-03
8.126514442254690815e-03
7.855390833018361177e-03
6.830574797890845255e-03
5.124749788780484129e-03
2.916595240160847063e-03
4.691083759257028206e-04
1.897659328983861528e-03
3.846491819187804022e-03
5.076244074425259080e-03
5.380952781024181571e-03
4.678282201123764965e-03
3.008629932788486287e-03
5.404799146416210814e-04
2.442330293892348760e-03
5.585137386094954186e-03
8.508516956815420987e-03
1.085644983710283042e-02
1.234705218911956968e-02
1.281314996413761807e-02
1.222481475938149049e-02
1.068213277144496737e-02
8.396266510960143439e-03
5.653685293285056271e-03
2.773387457589581665e-03
7.030965195484893324e-05
2.183878612090967529e-03
3.797663629359053755e-03
4.693665299216855796e-03
4.878306060286666072e-03
4.424509272059164340e-03
3.448229175508267779e-03
2.081483504400652614e-03
4.445214427531040584e-04
1.365288263449850352e-03
3.304253541660956157e-03
5.336279500259390532e-03
7.403463065482893297e-03
9.412625855537724850e-03
1.122426492193523764e-02
1.266598642310875523e-02
1.352184697109253680e-02
1.357185671426069072e-02
1.264293587261679577e-02
1.062785362048527908e-02
7.549784523973147345e-03
3.588186222981743032e-03
9.071985887361315795e-04
5.452086995134179138e-03
9.481909372484977061e-03
