2.026340543620385370e-04
5.955081356190448753e-04
1.883432844924804589e-03
3.931967355953699429e-03
6.537777127583616239e-03
9.451729001337401403e-03
1.240421236960570668e-02
1.513090669278141336e-02
1.739780816648498624e-02
1.902318735261208926e-02
1.989300310846862235e-02
1.996722661051556283e-02
1.927731583231750978e-02
1.791731846578821508e-02
1.603151996164184356e-02
1.380018659476352910e-02
1.142327258838077286e-02
9.102477502110866217e-03
7.023244474329603908e-03
5.339332599585832825e-03
4.161742634306528701e-03
3.552809146348652036e-03
3.526026032296840796e-03
4.051614820639758661e-03
5.062753176661889676e-03
6.458707162819398752e-03
8.113362102417828389e-03
9.886566372778958153e-03
1.163691133398881208e-02
1.323461136907052443e-02
1.456600376253640132e-02
1.554048971848828731e-02
1.609271309267418237e-02
1.620583812052053124e-02
1.590039929134796567e-02
1.523356160920197495e-02
1.428727204108780693e-02
1.316040025066535224e-02
1.196312551536765460e-02
1.080171236871330098e-02
9.758495809264034968e-03
8.897138437758364896e-03
8.263015391064654908e-03
7.884961311657740640e-03
7.768235303002773984e-03
7.897972855825739769e-03
8.244440231132769623e-03
8.761921916601472446e-03
9.393102884232524402e-03
1.008611295796081088e-02
1.079371277503362973e-02
1.145289667007591203e-02
1.202885778620343786e-02
1.251062865139873290e-02
1.288749294310190079e-02
1.318545257885044876e-02
1.342608082230217943e-02
1.359307407217351035e-02
1.366453013534103637e-02
1.362977576276901137e-02
1.349063516407758394e-02
1.324835662491489520e-02
1.291952343843021274e-02
1.253586568092034635e-02
1.212964622880478328e-02
1.172818212989239911e-02
1.137420071304978512e-02
1.110195453196730075e-02
1.092039150579767956e-02
1.084230436370650814e-02
1.085367242017679437e-02
1.093957411012195548e-02
1.109094366568641639e-02
1.130581967556095954e-02
1.157813830494054674e-02
1.188913491282550007e-02
1.225512181840607631e-02
1.267493688032226076e-02
1.311162697491786815e-02
1.355189356877722733e-02
1.396717316137818278e-02
1.430908763547817861e-02
1.453110608608144602e-02
1.461748538657528171e-02
1.458305938869808999e-02
1.446218853032177343e-02
1.430035787488952159e-02
1.413775030785068866e-02
1.401318703010868104e-02
1.394414517864957584e-02
1.393378640425460557e-02
1.397826298752500446e-02
1.403049692848661566e-02
1.408957133181385456e-02
1.418334040160301561e-02
1.433174858800554188e-02
1.454107415976665235e-02
1.477242079908221151e-02
1.502655366907565057e-02
1.531084677516488662e-02
1.565376991809833834e-02
1.603632637896947044e-02
1.639346579370169754e-02
1.667586774566396160e-02
1.692631248683506076e-02
1.719475152125077289e-02
1.744514483832494689e-02
1.768918691253666686e-02
1.793633374616821624e-02
1.816465609839156004e-02
1.833680681551342825e-02
1.845899785715730129e-02
1.853849836248833496e-02
1.860701875250293444e-02
1.865690605625675361e-02
1.866037355614752480e-02
1.863602537254453739e-02
1.859795533556196992e-02
1.856814808801620850e-02
1.854985189709574406e-02
1.856964468268103297e-02
1.866308938775607107e-02
1.882574242290060984e-02
1.907131949397714368e-02
1.938473224125329686e-02
1.965904010660503992e-02
1.993642488963911705e-02
2.032780145949596856e-02
2.076409876807202085e-02
2.124869835702742141e-02
2.176089506574630655e-02
2.224492373673268505e-02
2.267928698202725107e-02
2.308027306884457078e-02
2.341569516663728062e-02
2.363326673322178190e-02
2.371702475344071234e-02
2.371031110260719138e-02
2.368201583713554215e-02
2.373574368444441446e-02
2.392273766755889652e-02
2.416771051242194018e-02
2.439509645456837753e-02
2.458801459825438532e-02
2.476173808415647534e-02
2.491563536701675921e-02
2.507339553794945761e-02
2.526617160718318614e-02
2.553510740567241713e-02
2.587706153372174370e-02
2.626968246774820728e-02
2.663434701027647677e-02
2.695405888844400188e-02
2.724644256619821250e-02
2.753280880493484684e-02
2.779540135386902172e-02
2.802360711254398007e-02
2.826792150099894860e-02
2.850676857153121996e-02
2.875527651938740437e-02
2.905225909980385310e-02
2.938677548373268278e-02
2.970842121364438565e-02
2.995652738088570161e-02
3.010301331090734292e-02
3.019212132390913794e-02
3.026645255571605228e-02
3.038393590981039449e-02
3.053331284862214473e-02
3.067486317462496739e-02
3.080040503511636413e-02
3.091265431380092049e-02
3.100816332869728645e-02
3.108732657748929790e-02
3.118546122025325079e-02
3.135135310410874787e-02
3.157971386766298544e-02
3.185956362830062727e-02
3.220191054234266409e-02
3.263118286620197289e-02
3.307689740596964773e-02
3.347924540404455945e-02
3.382230720088087728e-02
3.407920434596912324e-02
3.421083875041569522e-02
3.427786082254157679e-02
3.443394011697260837e-02
3.464223814469460927e-02
3.485037316793517664e-02
3.500825000444191676e-02
3.511131513680446070e-02
3.519224654243654354e-02
3.526824319310657707e-02
3.534237815759962154e-02
3.540638869247608733e-02
3.550643980421815116e-02
3.569198732077427660e-02
3.596475327412559930e-02
3.629090838462883939e-02
3.665148325366989618e-02
3.701309823685547395e-02
3.735281051658697477e-02
3.766533500249658051e-02
3.794169082243800672e-02
3.814386724953072738e-02
3.826290595947784423e-02
3.835709501669022636e-02
3.848523858708569750e-02
3.864431340899770334e-02
3.882828233186931544e-02
3.900826840947695801e-02
3.914058972941105580e-02
3.924093121150722813e-02
3.936216927791019032e-02
3.952989486602368624e-02
3.974170380955413528e-02
3.996880014151248106e-02
4.019211831139892638e-02
4.046554321117711017e-02
4.083862057747161822e-02
4.124820498210516467e-02
4.161983387793512235e-02
4.191141834307173658e-02
4.207246887350992587e-02
4.211644380265930354e-02
4.210824300677260684e-02
4.208557043849404239e-02
4.205825666312365541e-02
4.203559708504967657e-02
4.207161983386890902e-02
4.217083161766230215e-02
4.228235438770466120e-02
4.237882215959037219e-02
4.250230641315590197e-02
4.268102580246073419e-02
4.286588386665369371e-02
4.303414347652357447e-02
4.323755264143665927e-02
4.353352500906276790e-02
4.391445420083367468e-02
4.433713225879188508e-02
4.476537293111172017e-02
4.515566798249345815e-02
4.549907717738734675e-02
4.578210270269333221e-02
4.597052076557928829e-02
4.608068104586142411e-02
4.616158971760910695e-02
4.626702478252040646e-02
4.645523121491326735e-02
4.665925324835549365e-02
4.673367033203541798e-02
4.666839703080421370e-02
4.654694377062352367e-02
4.640730525342381951e-02
4.624263172133801642e-02
4.610483674593595510e-02
4.605423752969893536e-02
4.611711638158570020e-02
4.633420800405602807e-02
4.668897387025369716e-02
4.714496973497637328e-02
4.768587772133969782e-02
4.827516889413768081e-02
4.887174277844856529e-02
4.947120597356693267e-02
5.006597976325331129e-02
5.058325193391322722e-02
5.095819288924272744e-02
5.118348527840443918e-02
5.129099924531383553e-02
5.131037776929378569e-02
5.124114659697440177e-02
5.107857801004972442e-02
5.081024174069141003e-02
5.045343028568688437e-02
5.006653758104828711e-02
4.973133144209188061e-02
4.953048894141558189e-02
4.948214056250534176e-02
4.956272661014549802e-02
4.972367483021012530e-02
4.998222328970661210e-02
5.038481841383654625e-02
5.097995606658770051e-02
5.177934406314601418e-02
5.272012933235842302e-02
5.372151972645202583e-02
5.472997562619533879e-02
5.563791264720043678e-02
5.635638136825790040e-02
5.690714881389603158e-02
5.735036172274274313e-02
5.763843185675799480e-02
5.762247216833742136e-02
5.722940790886428541e-02
5.650615838110804867e-02
5.553083726080752097e-02
5.440927585569966390e-02
5.335191656707594099e-02
