4.119256429650342000e-02
3.798312533561576387e-02
3.634814694981147731e-02
3.641066141190529848e-02
3.805834871119850860e-02
4.097814940137212147e-02
4.472673779198244048e-02
4.881103823097865391e-02
5.277046611155267186e-02
5.624066557822149370e-02
5.898895242090163027e-02
6.090721533351572958e-02
6.198604161873177976e-02
6.226164109968779226e-02
6.179311041538781968e-02
6.066264198656257101e-02
5.898700297231418421e-02
5.690933294492350747e-02
5.457562423874473545e-02
5.210904607579758263e-02
4.961028334406891727e-02
4.718692536093238576e-02
4.497483328397589020e-02
4.314468246506120153e-02
4.188881285303169832e-02
4.137730884057189140e-02
4.171726783157436724e-02
4.292277986653503241e-02
4.490600030273983467e-02
4.746792219237738752e-02
5.034300154705761976e-02
5.322888919201085312e-02
5.580518536935574758e-02
5.780871906661189108e-02
5.906871423638515584e-02
5.953627045195297729e-02
5.924375000817583281e-02
5.825791299967408854e-02
5.683632080925737906e-02
5.535093392229584186e-02
5.408598274812781437e-02
5.315293709443336123e-02
5.251147122030719316e-02
5.201962245592306466e-02
5.147698035452963339e-02
5.072242142202731952e-02
4.969331074212368637e-02
4.844556429277613319e-02
4.715402691438730365e-02
4.610292802971904802e-02
4.557798083199449124e-02
4.562501087089476659e-02
4.619303678680508618e-02
4.729150074299881545e-02
4.889231682418704317e-02
5.086431430442861501e-02
5.303609848540136174e-02
5.527238466367123682e-02
5.740527204948842055e-02
5.924624767615493948e-02
6.066254484098754229e-02
6.159001890239856891e-02
6.195310753081928468e-02
6.160108837479094657e-02
6.045462221410058401e-02
5.857397031640776408e-02
5.613861108284168289e-02
5.344340410400949537e-02
5.085549969776070878e-02
4.870888446330290389e-02
4.730892148516274709e-02
4.677611151869021100e-02
4.699899234522142422e-02
4.773551008469112400e-02
4.873505442271142130e-02
4.984532462771495975e-02
5.105790572938095906e-02
5.246110598583031415e-02
5.415396193529942170e-02
5.623656491903006316e-02
5.870668058661465682e-02
6.145840261362889301e-02
6.426980380583735553e-02
6.676953039714983440e-02
6.854780745547872645e-02
6.923836296424790149e-02
6.857204092275637208e-02
6.649305353892132064e-02
6.321853194526694253e-02
5.919276891128755214e-02
5.491976605475479278e-02
5.093628203762134987e-02
4.771762371359178356e-02
4.555448031669784292e-02
4.458508113116832483e-02
4.481756208827047949e-02
4.617906787351111486e-02
4.861674150714889731e-02
5.192668762136376515e-02
5.582563504746951288e-02
6.001280797673314016e-02
6.414457541577089916e-02
6.784422798247247144e-02
7.074591400149454756e-02
7.250549927186022980e-02
7.290106355824987894e-02
7.194812286835805537e-02
6.987857502672711885e-02
6.697639623922135854e-02
6.361325712474086291e-02
6.019945805303628106e-02
5.704122666434752187e-02
5.432374419908092555e-02
5.221526364219131189e-02
5.087066054230826584e-02
5.032075551624670684e-02
5.054925505762131177e-02
5.151533326739654584e-02
5.309259645699082597e-02
5.507818938218256299e-02
5.725166453551155943e-02
5.947185821268519135e-02
6.166181049728569619e-02
6.379413613732265453e-02
6.581819311599501621e-02
6.764467064270085483e-02
6.914372043900796072e-02
7.011529564000651416e-02
7.031721851225269937e-02
6.954927695596924142e-02
6.776132711616345006e-02
6.514376938920973803e-02
6.208193062127420614e-02
5.908127015740716192e-02
5.660853320387138066e-02
5.498988950196515013e-02
5.443734239151609700e-02
5.496628625008292968e-02
5.641225270922256563e-02
5.849638521488775833e-02
6.081542991517263630e-02
6.289785980133166809e-02
6.428340390386355629e-02
6.480013080177238205e-02
6.457251314710021894e-02
6.387033253036511482e-02
6.301735729561952493e-02
6.234490118936952818e-02
6.205521413045089751e-02
6.218019677367414566e-02
6.273993490895002356e-02
6.368476884013818395e-02
6.491423624525483049e-02
6.627677030995948737e-02
6.755954291409504986e-02
6.849158433649482625e-02
6.882067486758514097e-02
6.839873564096365932e-02
6.725852989963576611e-02
6.563990093572225071e-02
6.385199201103164413e-02
6.216880704383520584e-02
6.079496914903281812e-02
5.979781663956273974e-02
5.917371002174243166e-02
5.890146488710312767e-02
5.896244797285532524e-02
5.932175957701546487e-02
5.991682153330091243e-02
6.071912947331692401e-02
6.176288295027132502e-02
6.302598368345002644e-02
6.443747917331810182e-02
6.597935568740442847e-02
6.762664822943775800e-02
6.933851244504296574e-02
7.104493194844974102e-02
7.257202398286055622e-02
7.369127019936771994e-02
7.422673022358616812e-02
7.397696376776630167e-02
7.274847408460105580e-02
7.048239190762739526e-02
6.731518054963914199e-02
6.359120630347037118e-02
5.977238984902510932e-02
5.627056241366912293e-02
5.341693720869244988e-02
5.153923026860030010e-02
5.094072298519514153e-02
5.181623790693357101e-02
5.425921331433913863e-02
5.815030412148403105e-02
6.302753420459195066e-02
6.830632769581523878e-02
7.337819351870566997e-02
7.768209604637477117e-02
8.078324920395363318e-02
8.238495726856198687e-02
8.235035942262070030e-02
8.075741800458680064e-02
7.789404793360510393e-02
7.423215574422004082e-02
7.023767174157935500e-02
6.626957957021184509e-02
6.262058337871911906e-02
5.954466707880468057e-02
5.721556581201769909e-02
5.569763860395404720e-02
5.497278026805019202e-02
5.494720051570611830e-02
5.562548939795930458e-02
5.711008137111950322e-02
5.949132272626733720e-02
6.275787989074621542e-02
6.671561772648459954e-02
7.100161579028707592e-02
7.513178235793449566e-02
7.857673643088869397e-02
8.091879031088111685e-02
8.187429967733694802e-02
8.127883460131757332e-02
7.928622979831778661e-02
7.627951199361160395e-02
7.272101529091168359e-02
6.907822847377209641e-02
6.569446118700772441e-02
6.277873595258365302e-02
6.045835840979396636e-02
5.882543839511267247e-02
5.791792842897414140e-02
5.774875371791077239e-02
5.839329969423734390e-02
5.989112242508176642e-02
6.209114718242592090e-02
6.478915809368679390e-02
6.777194019745724773e-02
7.072998931028606773e-02
7.340658545377287680e-02
7.552607682423539970e-02
7.672669322104286316e-02
7.697747998457826757e-02
7.647792879436476898e-02
7.550289041013835689e-02
7.434329111247350852e-02
7.326426805382724172e-02
7.234585286826933359e-02
7.145527337059864870e-02
7.043159759717121382e-02
6.917162128537368559e-02
6.767470417699117391e-02
6.607383252076692859e-02
6.457870793810571719e-02
6.341544957737355048e-02
6.276176265433819346e-02
6.269012838508991603e-02
6.322992810919247919e-02
6.443317677431614765e-02
6.633223916884278815e-02
6.879530206702610950e-02
7.153506515787044773e-02
7.423676918759081200e-02
7.656231381605760333e-02
7.821822709450987343e-02
7.904235359563949181e-02
7.903265671286940908e-02
7.835539609098596259e-02
7.724545486865341815e-02
7.591326942187426319e-02
7.452011207100073253e-02
7.315579187705001374e-02
7.187078413251535292e-02
7.070141655165440575e-02
6.965102015792734580e-02
6.877672939224299675e-02
6.818843059110268889e-02
6.796318015318225658e-02
6.809937205252292181e-02
6.847816476935275620e-02
6.895146376486083195e-02
6.941105136552283561e-02
6.980827025499813931e-02
7.019201048426559897e-02
7.072178346113577874e-02
7.159799605664529665e-02
7.298109705059707686e-02
7.491236126707456755e-02
7.715700614170240001e-02
7.931268777542610504e-02
8.105449379004381338e-02
8.215190660743709739e-02
8.239761060713157725e-02
8.165150300883206036e-02
7.992949534378879228e-02
7.741919516008655133e-02
7.443138305896701556e-02
7.135844595113272071e-02
6.867613661403360048e-02
6.677760782357922142e-02
6.574063121784756714e-02
