3.951622093991691287e-04
1.184081772823364354e-03
3.756736593519272027e-03
7.832643640496850246e-03
1.299206257441143375e-02
1.872918202320938974e-02
2.450783337355122438e-02
2.981424941214383395e-02
3.420397148932774467e-02
3.733935204215410586e-02
3.901333192383282800e-02
3.915662082462256777e-02
3.783057917928300817e-02
3.521049923637142864e-02
3.156424782152356112e-02
2.723171790962886085e-02
2.259382616950300626e-02
1.804219359558689728e-02
1.394405560578437786e-02
1.060846587807973140e-02
8.262217286556960971e-03
7.039101625935573203e-03
6.974305360290755651e-03
8.006435387793775504e-03
9.994457600329686997e-03
1.273202949832386022e-02
1.596625752074187776e-02
1.942277921416346587e-02
2.282314540110397250e-02
2.592404280986604359e-02
2.850322947568229015e-02
3.039679112361881597e-02
3.148841955355674571e-02
3.173671915814313405e-02
3.116885678499614620e-02
2.987581061275046412e-02
2.800178290774035794e-02
2.574181937498665196e-02
2.329776167287866961e-02
2.087801940166977843e-02
1.870306189954540343e-02
1.694099069579091399e-02
1.567682288015603831e-02
1.492861014364954553e-02
1.466532847068047207e-02
1.483465854380927595e-02
1.537039259432082527e-02
1.618983707116072868e-02
1.721895110249249683e-02
1.839456081439738711e-02
1.963902141914819488e-02
2.088281479920273132e-02
2.205696530802547795e-02
2.307501702488279349e-02
2.388299190374321146e-02
2.446854845383794608e-02
2.483544437919682490e-02
2.500249574308222034e-02
2.500209004608522356e-02
2.482547042735905318e-02
2.447624421233085545e-02
2.396264361770661377e-02
2.332265624768137258e-02
2.259784134424047686e-02
2.182871027334054581e-02
2.106935300466283856e-02
2.036760078107680005e-02
1.973982924840111952e-02
1.917083303997935140e-02
1.864324481745827100e-02
1.817465976491750013e-02
1.783024830181678677e-02
1.769964899803799785e-02
1.786196396369743589e-02
1.834400325868024151e-02
1.909894376318999054e-02
2.001133136493593589e-02
2.093063830099428646e-02
2.173986906235925165e-02
2.239350142940599309e-02
2.292554757098830276e-02
2.340256174475852102e-02
2.387610229158221298e-02
2.434626944604467713e-02
2.475312197417500748e-02
2.500093370559164363e-02
2.499738608870472056e-02
2.469372507308720266e-02
2.409154951729453042e-02
2.323105872505326630e-02
2.217758778376177631e-02
2.101356562641043535e-02
1.982410974914650126e-02
1.870323032606446834e-02
1.775191336045689461e-02
1.706185784067393296e-02
1.670113621685798133e-02
1.670922005108199659e-02
1.709448128615365103e-02
1.783130985704661775e-02
1.886450370308123681e-02
2.011499019857165838e-02
2.149289414651112118e-02
2.290351220257069720e-02
2.425043988009989437e-02
2.544075431268466581e-02
2.638605957339978936e-02
2.699639173215984123e-02
2.718833169847645337e-02
2.690861502415065054e-02
2.614617306075828207e-02
2.495725900998690960e-02
2.345258193771337929e-02
2.178351361603214631e-02
2.011684683543879526e-02
1.858803701801714503e-02
1.729098914701165945e-02
1.629470639443586499e-02
1.565992837297969231e-02
1.544467908909652465e-02
1.571191687520112623e-02
1.649766554044429512e-02
1.777057863243691749e-02
1.942415927165863643e-02
2.128307221215841594e-02
2.314862186968602575e-02
2.485558421295497311e-02
2.629154019990498359e-02
2.739188796442415530e-02
2.813517683656496793e-02
2.849606649991265339e-02
2.842686943072580963e-02
2.786694913361997816e-02
2.676918337511358104e-02
2.514297090491091069e-02
2.307818295979946477e-02
2.072591773903009749e-02
1.828539941921558665e-02
1.599282048187666838e-02
1.411190394317940466e-02
1.286261018648748866e-02
1.239072183696676710e-02
1.277933371830075604e-02
1.403188169587521461e-02
1.608074929456249080e-02
1.875872487296803559e-02
2.182193960811162903e-02
2.501350823694248326e-02
2.804316934029316144e-02
3.062028384236747947e-02
3.250569710213191410e-02
3.353418891177661898e-02
3.359293364292093020e-02
3.264228294125559593e-02
3.074877794158459299e-02
2.805720102995379328e-02
2.478013431505510233e-02
2.122727784446998278e-02
1.774393414442554384e-02
1.465672779677595905e-02
1.224742083139385151e-02
1.071755309347144358e-02
1.016370732590798909e-02
1.060655691813949808e-02
1.202339648784589432e-02
1.433618081727294769e-02
1.741180447093126915e-02
2.102481709793435627e-02
2.485304831663859293e-02
2.855288364970165471e-02
3.178529708251620622e-02
3.422547942208464811e-02
3.566735690493827438e-02
3.602979681437046278e-02
3.533837677296869373e-02
3.366497987207084375e-02
3.112487094492033535e-02
2.789398960973243913e-02
2.420179150567947080e-02
2.030749925162678160e-02
1.651292613020904909e-02
1.316376790603035474e-02
1.059403879287357242e-02
9.081390444851789034e-03
8.800159873220358975e-03
9.784858236988158708e-03
1.192963324784157564e-02
1.500657968086505090e-02
1.869990399433008044e-02
2.265461365838838947e-02
2.650268310077941170e-02
2.992396677673248018e-02
3.268116251080965817e-02
3.460864947781960854e-02
3.557491051228900414e-02
3.554114824750220780e-02
3.455161607543344449e-02
3.267414234176369003e-02
3.004095292782404947e-02
2.686872554135466551e-02
2.342798694111269953e-02
2.000157065220831143e-02
1.689174019861539033e-02
1.438624633570984024e-02
1.271421035442232839e-02
1.200418162884930862e-02
1.227507912108571908e-02
1.343145470499751415e-02
1.530268638910581291e-02
1.766883626152315756e-02
2.029794100266990586e-02
2.297812751540972975e-02
2.554686529314043053e-02
2.784721914148957644e-02
2.974586708486792741e-02
3.115512006046439186e-02
3.200500736949540848e-02
3.222026928631327447e-02
3.178711855618765458e-02
3.070335522290346120e-02
2.900517976305438950e-02
2.683952403385148067e-02
2.445449729843640618e-02
2.215031752571261503e-02
2.021714729936552324e-02
1.887675672575761521e-02
1.824485498504213599e-02
1.828946369886075285e-02
1.883147886992642128e-02
1.962006654489922841e-02
2.044783534484051479e-02
2.119338231269096706e-02
2.182733828530236675e-02
2.240421884296239785e-02
2.298981052818716009e-02
2.363279144796048836e-02
2.431829337453594864e-02
2.497648064271962287e-02
2.552038468711492758e-02
2.588637658939230146e-02
2.608414615939835812e-02
2.619770410893551560e-02
2.632749975598391856e-02
2.655302893175082168e-02
2.690875644683787815e-02
2.735286153596738767e-02
2.778773305182169473e-02
2.808949696495000037e-02
2.814535250770888730e-02
2.786413393593534238e-02
2.716896222971809660e-02
2.604927334500151126e-02
2.457131955471580920e-02
2.288213895462598568e-02
2.117786529854681632e-02
1.963574836366943632e-02
1.844038154144267416e-02
1.777824497254387737e-02
1.772583377783865100e-02
1.826667521463509747e-02
1.938171627191220825e-02
2.100690903913915442e-02
2.302557889273548763e-02
2.528652900837202733e-02
2.761523145220878828e-02
2.982021802283574274e-02
3.166960706599686315e-02
3.300984912759530321e-02
3.371170647928201092e-02
3.372765421906376293e-02
3.307793867353825412e-02
3.183299134476169634e-02
3.010623510596477370e-02
2.802990232390178971e-02
2.574577129201238712e-02
2.342708575365337609e-02
2.123993609201413335e-02
1.929990683237570170e-02
1.776020980257797532e-02
1.677458136060128169e-02
1.646831908122725618e-02
1.688725701359206077e-02
1.799300365996980844e-02
1.968408224279372121e-02
2.184348225382237718e-02
2.433771276636464975e-02
2.696014469761731647e-02
2.947534086211034410e-02
3.167985466806022554e-02
3.345136179712560054e-02
3.473519396927871039e-02
3.547120432644268462e-02
3.559737669953599859e-02
3.508286387650316751e-02
3.392594371832513556e-02
3.212767580221165264e-02
2.972323688132960662e-02
2.685225663450885314e-02
2.373869617008006472e-02
2.068250236713664592e-02
