1.976596716678333710e-04
5.923276029892137048e-04
1.881577365287222725e-03
3.931012484988766383e-03
6.537375822989672722e-03
9.451633772447140189e-03
1.240428422147560501e-02
1.513110795634562897e-02
1.739817933910399461e-02
1.902381326916032303e-02
1.989401919880344136e-02
1.996867650021579357e-02
1.927919575178781847e-02
1.791954292453674241e-02
1.603389635253223144e-02
1.380240714808569219e-02
1.142484531658913109e-02
9.102674271821166105e-03
7.021086974600731015e-03
5.333487141056848096e-03
4.150620921068999547e-03
3.535450101593011225e-03
3.503107613003166119e-03
4.023867447783000331e-03
5.028379694723924577e-03
6.414821090632975321e-03
8.057976046764730657e-03
9.820421597001884745e-03
1.156321196057564192e-02
1.315536689368493502e-02
1.448249187139419129e-02
1.545500040647676890e-02
1.601464473572280361e-02
1.613984686363017368e-02
1.584578047359563174e-02
1.518117236762089872e-02
1.422521109849827874e-02
1.307766840560130837e-02
1.184722194841412134e-02
1.063986814267416613e-02
9.549078005968773125e-03
8.649608738985006470e-03
7.988342458501388604e-03
7.586381801717985950e-03
7.441717954739247333e-03
7.530918775799548895e-03
7.819551353256010487e-03
8.263560469061138544e-03
8.813697143174989770e-03
9.429886099120177514e-03
1.007897397956543373e-02
1.072938006313964993e-02
1.134093034187669095e-02
1.187578854171813560e-02
1.231037478700614321e-02
1.263676312915145740e-02
1.285444641956080131e-02
1.296297356653747755e-02
1.296955460660776695e-02
1.289089342218903596e-02
1.274136379746279059e-02
1.252597030947557623e-02
1.224229987819436781e-02
1.189617268558849743e-02
1.150945771004009167e-02
1.110403723474058350e-02
1.070022879056087284e-02
1.032556962891839278e-02
1.000998423855892390e-02
9.787890939518456568e-03
9.689588587709898823e-03
9.723981375605841165e-03
9.878307167357375587e-03
1.013628000910970182e-02
1.047056212087291681e-02
1.084566073399935784e-02
1.123466264705610604e-02
1.162317264699137473e-02
1.199404673880889727e-02
1.233001771254456543e-02
1.262206096500267244e-02
1.287094332490405085e-02
1.306798184729653957e-02
1.320986424523353311e-02
1.329870963553721717e-02
1.330367646300547289e-02
1.318979190674388416e-02
1.295762104155804423e-02
1.265300832418575668e-02
1.231617477733192370e-02
1.199419848893749918e-02
1.173410545502177882e-02
1.156275194948502144e-02
1.149623501421522843e-02
1.153892266967084489e-02
1.164517952149655630e-02
1.174023899529965179e-02
1.180677524410817490e-02
1.187568584077303667e-02
1.197499559405481792e-02
1.211196036377604895e-02
1.228229211282217022e-02
1.250093441152243245e-02
1.276369368054873152e-02
1.304402307712805402e-02
1.331822268707988192e-02
1.354897875570378052e-02
1.371346601410661920e-02
1.382627363473107503e-02
1.391470005680725194e-02
1.397742122764805001e-02
1.399835964939327021e-02
1.397360933668401368e-02
1.392663515819287691e-02
1.387355448921209940e-02
1.381829224211957724e-02
1.376098560061887396e-02
1.369827681175485833e-02
1.362709458061858725e-02
1.355802405367616259e-02
1.348711019042083542e-02
1.342818324490983178e-02
1.340782149237106785e-02
1.343747371117582495e-02
1.353198478804469411e-02
1.371243389059005266e-02
1.396465964637581998e-02
1.426478475422884862e-02
1.461911431206447745e-02
1.500246893419229961e-02
1.537625214679352002e-02
1.573506311407856309e-02
1.607570565789718034e-02
1.634630227261310922e-02
1.653395389555725736e-02
1.668120678180547850e-02
1.679504805729665692e-02
1.685568820296957579e-02
1.685814616717973627e-02
1.682386741510982081e-02
1.678624858357342237e-02
1.677405716723493964e-02
1.676204214468292319e-02
1.672196360260562453e-02
1.667404494258398207e-02
1.662961699430441642e-02
1.661261559218464232e-02
1.668490702131344636e-02
1.686456939426596996e-02
1.710989219323822211e-02
1.742162777018921652e-02
1.775990091448935437e-02
1.809561138919468445e-02
1.840339351381044958e-02
1.868639034180601816e-02
1.890811865366913772e-02
1.911925723594829971e-02
1.933545198034531190e-02
1.954430610516793773e-02
1.975246598928592778e-02
1.994574234831838350e-02
2.011083036889676351e-02
2.026730006653044286e-02
2.042498098084389799e-02
2.051622905860991247e-02
2.056675102620125067e-02
2.057535535828216439e-02
2.058331102448477876e-02
2.062528298387235337e-02
2.067902741085529683e-02
2.073141661499924848e-02
2.078898487698213962e-02
2.083545391570748584e-02
2.086558766930900546e-02
2.090663176206650556e-02
2.103492268101582810e-02
2.125986657564641821e-02
2.156612530183593668e-02
2.191193865012653827e-02
2.227068663625670492e-02
2.261811700367611505e-02
2.291381525266157279e-02
2.313008266932028642e-02
2.326747917089002846e-02
2.335478949532756796e-02
2.343376622855157868e-02
2.354123177496884531e-02
2.362237042045359225e-02
2.365648705507085101e-02
2.368007810941060581e-02
2.372214885910322105e-02
2.376688242232394277e-02
2.380394544055202191e-02
2.384883271696619164e-02
2.392625631433516198e-02
2.406941405327325118e-02
2.430022758610475911e-02
2.458044758891034937e-02
2.484914579895373607e-02
2.509988930028369050e-02
2.535311662271646366e-02
2.560083737057742767e-02
2.580675432996198601e-02
2.597685945878595859e-02
2.610258029055942744e-02
2.619920839041017455e-02
2.627689205118600296e-02
2.634476226954448469e-02
2.641287517466443455e-02
2.645598873083581173e-02
2.649403037219145995e-02
2.658280261054853794e-02
2.674686569349135276e-02
2.697678266869418459e-02
2.726371351615372238e-02
2.756765080516899655e-02
2.785169847863516734e-02
2.811696676324677152e-02
2.835157306445209788e-02
2.853246199656055831e-02
2.865841680589165802e-02
2.874139336115265342e-02
2.881136037024609881e-02
2.890077616900936508e-02
2.898485107114617126e-02
2.904212951045172936e-02
2.907276912582473782e-02
2.909612461143453940e-02
2.911132933465591238e-02
2.914563999559497548e-02
2.924807953892661488e-02
2.941402020700554371e-02
2.960386144309679404e-02
2.975916306948388906e-02
2.987417728668618350e-02
2.995832608393048796e-02
3.003109290389976288e-02
3.012809816611934297e-02
3.025497526596531567e-02
3.037656286736078320e-02
3.046604783683615550e-02
3.058326428333438610e-02
3.077705955117406023e-02
3.102747180381590711e-02
3.134971539413028419e-02
3.174942535873028632e-02
3.215636831302928766e-02
3.248379976850922918e-02
3.270208137936830850e-02
3.285696066036987439e-02
3.297032902796978582e-02
3.296550124283054162e-02
3.279421236009610191e-02
3.252865288264192994e-02
3.223043624972266041e-02
3.192868063478265794e-02
3.164441047938086615e-02
3.141680771082974721e-02
3.129344138274170462e-02
3.134140619796412647e-02
3.160958644180159732e-02
3.204139985556506837e-02
3.258339096884654146e-02
3.320561365603769827e-02
3.387890503922897506e-02
3.454210218391339654e-02
3.517746696395106232e-02
3.574830801133394020e-02
3.620256413851188210e-02
3.648957273741149088e-02
3.658970624688322876e-02
3.655616501829033610e-02
3.640322343241948061e-02
3.608742875915984388e-02
3.563876273305236625e-02
3.511136516539671570e-02
3.453402293979661308e-02
3.394267297180251358e-02
3.343183113299770526e-02
3.310576616377134546e-02
3.295309897241142927e-02
3.295367763508711551e-02
3.315796313165005060e-02
3.358170382930779352e-02
3.421409077788876291e-02
3.506168795067932109e-02
3.610716184763938796e-02
3.725267656132136285e-02
3.839050523525579933e-02
3.944081573353543785e-02
4.026211638626082251e-02
4.077653151648763519e-02
4.101124053945493647e-02
4.098008888492061380e-02
4.063015187326318028e-02
3.996339334840814939e-02
3.903632200318267464e-02
3.794600249308504453e-02
3.679285400119593208e-02
3.564195787055568498e-02
