4.053905310312799770e-04
1.191160637907251463e-03
3.761113095371415582e-03
7.835004039636217499e-03
1.299311127972158086e-02
1.872950544000373529e-02
2.450785135104127654e-02
2.981422478830519918e-02
3.420400221808195251e-02
3.733960301740246734e-02
3.901382191310953651e-02
3.915784194394189566e-02
3.783234052994532970e-02
3.521226483474770852e-02
3.156562768113757578e-02
2.723114468688381251e-02
2.259030906428849406e-02
1.803502041694227120e-02
1.393239940432100532e-02
1.059305746157290784e-02
8.246440556684109247e-03
7.026746718080900678e-03
6.967068961246547509e-03
8.008725888322576481e-03
1.001211377442590145e-02
1.276966481620545046e-02
1.602530163212989578e-02
1.949826794835096688e-02
2.291104702410440286e-02
2.601026905555925417e-02
2.857744241016124676e-02
3.044301114959946375e-02
3.149500613607214561e-02
3.170369259649863380e-02
3.111583446974841571e-02
2.983785894248458526e-02
2.800866900343168542e-02
2.580438601619450267e-02
2.344323580378915306e-02
2.116110962793571471e-02
1.911753353334866290e-02
1.741847057245571317e-02
1.614458276887453803e-02
1.533707650023108382e-02
1.501067005062695081e-02
1.514995854399692199e-02
1.571718852411008172e-02
1.665128386770486912e-02
1.786195349609931426e-02
1.925834921928759602e-02
2.072121956715378133e-02
2.209457291637539900e-02
2.325747425679336455e-02
2.412684159143885232e-02
2.469501857190548044e-02
2.505398453995066888e-02
2.531861419696923576e-02
2.554609714453770497e-02
2.572835236827142325e-02
2.584557508573770424e-02
2.585960911562623643e-02
2.564610392683630558e-02
2.511705975433586868e-02
2.430752619713683060e-02
2.335221025573608333e-02
2.238363354229688795e-02
2.149399656651251878e-02
2.075558681997469179e-02
2.021015000779313731e-02
1.985922245168436628e-02
1.970281058279510500e-02
1.976709187078840024e-02
2.008285083249949921e-02
2.063375957480317879e-02
2.130513741531714356e-02
2.195751454004379877e-02
2.250488124735217088e-02
2.294975121815068242e-02
2.337223045927616649e-02
2.391336494210782870e-02
2.469155603971961987e-02
2.570379972774805566e-02
2.681585385494156260e-02
2.785224824050891446e-02
2.862182867277673903e-02
2.896470795515304619e-02
2.881586570512295609e-02
2.819535403396855600e-02
2.719795032937011303e-02
2.592668951899512741e-02
2.460368291534920093e-02
2.349320664353993227e-02
2.271677692619289424e-02
2.236855349125221881e-02
2.246680958873281675e-02
2.285790310807800374e-02
2.332513529621293991e-02
2.370026165407201901e-02
2.391772125590307940e-02
2.404751112306302563e-02
2.430900498914834174e-02
2.488973900399349404e-02
2.591092845373321740e-02
2.737181711702896258e-02
2.920174216276816281e-02
3.124299175665812278e-02
3.313630867040362471e-02
3.448904692473964140e-02
3.501816073640084959e-02
3.459648566153672444e-02
3.324774313748202204e-02
3.126784938007831638e-02
2.913787512814658420e-02
2.727239333146536104e-02
2.595805906738546387e-02
2.527233787606997240e-02
2.508851091194086447e-02
2.522558478270664484e-02
2.551319803277152243e-02
2.576686324463772770e-02
2.596104838274371218e-02
2.621251439911842507e-02
2.668802778371526241e-02
2.758322940753565877e-02
2.903333721977907622e-02
3.096556185150178830e-02
3.324327635942114778e-02
3.560322660205983425e-02
3.765828799224235635e-02
3.917336526131254271e-02
3.998205536516852288e-02
3.996096707967633499e-02
3.912293819660039862e-02
3.771070250677677205e-02
3.586380436501579450e-02
3.376873530617519048e-02
3.161116894405435751e-02
2.956270718129783148e-02
2.783975625250156849e-02
2.659892507778205406e-02
2.599033278339601960e-02
2.609239104549676558e-02
2.682561531763527629e-02
2.814866136044114064e-02
3.013868765617511158e-02
3.268817139816138084e-02
3.555708161153936508e-02
3.858477468013910006e-02
4.167367772767094358e-02
4.454807506943203599e-02
4.688008507350938103e-02
4.841327195980216214e-02
4.900689608034669575e-02
4.859187596629321870e-02
4.712639755464220759e-02
4.466541383541555721e-02
4.146058251127804350e-02
3.796403477038212682e-02
3.458325554217744902e-02
3.165493150305753733e-02
2.944397772950357872e-02
2.814196911802924195e-02
2.786095455329506976e-02
2.856558772539563584e-02
3.012912675615031510e-02
3.245136865344377952e-02
3.538879900861258143e-02
3.877874311103313154e-02
4.237760511679378173e-02
4.587946276131849022e-02
4.903090287539368930e-02
5.161868734277930137e-02
5.343499738603352256e-02
5.430276242035070311e-02
5.413424402286037829e-02
5.294501486927816192e-02
5.080295355552200132e-02
4.782662168962503735e-02
4.427405635674108719e-02
4.052111369691013820e-02
3.692354234248274025e-02
3.380905509571485723e-02
3.144998230390272376e-02
3.009592070513766870e-02
2.987500697913936243e-02
3.083692236817303645e-02
3.293288035396058078e-02
3.583743938949712771e-02
3.931123225879806782e-02
4.315417194905946108e-02
4.710584157855313148e-02
5.086574386876729914e-02
5.412337281673917921e-02
5.657819784829554166e-02
5.800046046784546050e-02
5.829744876654974206e-02
5.754226818816643441e-02
5.580481466237730004e-02
5.322800413169803679e-02
5.010313092966978132e-02
4.673802016744954546e-02
4.346205877674558238e-02
4.060072313094409413e-02
3.840954575311517072e-02
3.701386280509766369e-02
3.641270880268510091e-02
3.661776975932495848e-02
3.763816799427499582e-02
3.940793020924471257e-02
4.174018031917225979e-02
4.442578652939255246e-02
4.725833605791529557e-02
5.003270843756835173e-02
5.256677110780294537e-02
5.467481761899206649e-02
5.615187768255658352e-02
5.688113190994981139e-02
5.688142799042705811e-02
5.621650103865616366e-02
5.495869566287525654e-02
5.326261041828073139e-02
5.135539691444557242e-02
4.943014730355066444e-02
4.764617960495787230e-02
4.616009391387032590e-02
4.505429742127298187e-02
4.437235657107518882e-02
4.415926306721196237e-02
4.436119785324244003e-02
4.489556350804835283e-02
4.565276324522737905e-02
4.659464882559172239e-02
4.766074902109229683e-02
4.877537144699117810e-02
4.988390867362979542e-02
5.086172184089365889e-02
5.158522172357105084e-02
5.205907377046203877e-02
5.234569161889046640e-02
5.249893178013476103e-02
5.254588047194042044e-02
5.265880256464872122e-02
5.300506080351219396e-02
5.346109656912167996e-02
5.390488351945910139e-02
5.427394979611366299e-02
5.450699706839046144e-02
5.456307110518987535e-02
5.438156128489313179e-02
5.397889505678288291e-02
5.341557025759080535e-02
5.261676173760754249e-02
5.158709180175746756e-02
5.044536862667081678e-02
4.929462679531937397e-02
4.827568666980031065e-02
4.758246622861017627e-02
4.739816310912747799e-02
4.771390583450962897e-02
4.847037905149453874e-02
4.961413524115643181e-02
5.104582303834770407e-02
5.267090824958953199e-02
5.444424714499995765e-02
5.629085547475887186e-02
5.807449716442136811e-02
5.969552003437761378e-02
6.104496793063729498e-02
6.192433162081534270e-02
6.214816248602772486e-02
6.167139862517934112e-02
6.057854505050574989e-02
5.893077288844883466e-02
5.690876091144636550e-02
5.480179634455084603e-02
5.282837313065669171e-02
5.113194713074209474e-02
4.979613765125101565e-02
4.885734628012894376e-02
4.838247835669040597e-02
4.840058125851909310e-02
4.884496616385258783e-02
4.972490931963269301e-02
5.105168427183492952e-02
5.277879099667770468e-02
5.484647499485995059e-02
5.712601775397896375e-02
5.939064155587436833e-02
6.146172860026422047e-02
6.318432516489103090e-02
6.435509282770712769e-02
6.483272609028889466e-02
6.469924871029375524e-02
6.414827030197989277e-02
6.315999622656520707e-02
6.176656211768749571e-02
6.010159576860840680e-02
5.820482276897953611e-02
5.604503451385389745e-02
5.366966991352883909e-02
