6.942962615762974035e-03
6.319105945935668545e-03
6.502803870572981468e-03
7.464873886096522020e-03
9.089371645780230241e-03
1.118519060824189025e-02
1.350983656868415608e-02
1.580100482153545122e-02
1.781145693062482008e-02
1.934226214781083544e-02
2.026790417840425643e-02
2.054711672483795076e-02
2.021830466791551401e-02
1.938498794952965218e-02
1.819845535180675961e-02
1.683974118619711510e-02
1.549673322280979357e-02
1.433397580533237077e-02
1.346099280739192043e-02
1.291323847731059606e-02
1.265687424964893545e-02
1.261554496242560906e-02
1.270641303336395890e-02
1.286949493523272328e-02
1.307880873209029890e-02
1.333206624289296621e-02
1.363577452525880848e-02
1.399145551882168860e-02
1.438184802370962197e-02
1.476787269107755068e-02
1.509194584958756420e-02
1.528879422875912761e-02
1.531814275113839267e-02
1.519443757379803500e-02
1.497375567502400896e-02
1.474094200064793997e-02
1.458556207945258670e-02
1.457532768955011396e-02
1.473829996159516272e-02
1.507331555023315277e-02
1.554248927063629250e-02
1.606878847636938543e-02
1.655408535560995431e-02
1.691057475838205620e-02
1.706870901616766231e-02
1.698593025650041791e-02
1.665287679248142819e-02
1.608866974955089693e-02
1.533766547677602524e-02
1.447862516393629700e-02
1.362363784350214754e-02
1.286588974562112228e-02
1.227434023059675340e-02
1.193690548958220750e-02
1.192826720649224972e-02
1.227206438308057514e-02
1.295372088105342483e-02
1.391683395428587426e-02
1.505349917848770001e-02
1.622399816955347532e-02
1.727496917850385866e-02
1.809134413415640699e-02
1.861382416619216523e-02
1.882788636170145552e-02
1.875126927594090304e-02
1.843640760503901035e-02
1.796237259825060953e-02
1.740539308923667178e-02
1.682299671041323497e-02
1.626471127357513591e-02
1.577900816378354984e-02
1.540593229579312676e-02
1.517787800615784215e-02
1.511345955974020827e-02
1.520758392038586669e-02
1.543842608365950629e-02
1.576741685981349061e-02
1.617471264212023627e-02
1.666343370756024830e-02
1.721502977091425579e-02
1.778738612498980895e-02
1.834323477232880847e-02
1.884624009660153254e-02
1.927508938207572742e-02
1.962103959555617366e-02
1.985505422792537347e-02
1.994645345577196124e-02
1.990068991342528251e-02
1.976766816164935575e-02
1.960435804557432785e-02
1.945298682175905514e-02
1.936254842293931577e-02
1.936321632658052211e-02
1.945233215318458581e-02
1.956494620171699353e-02
1.961821165635948411e-02
1.961668520259536933e-02
1.959750151415500311e-02
1.955247894678972462e-02
1.947283504314166122e-02
1.937337136016588704e-02
1.931843921961902757e-02
1.936938121654202538e-02
1.954584746250275298e-02
1.982861953904624733e-02
2.019971148666625457e-02
2.066623197408356746e-02
2.118977493702111151e-02
2.168919579681734613e-02
2.211713596763397252e-02
2.245915980570920706e-02
2.272962130494435642e-02
2.295062351524304253e-02
2.310949162767702778e-02
2.314106208870082490e-02
2.302829675786349437e-02
2.281816660450196321e-02
2.256126871682651719e-02
2.229606143907341201e-02
2.207099838270523348e-02
2.194290369694590348e-02
2.196296341789716333e-02
2.211946478982248013e-02
2.235904087934825757e-02
2.266752102996149112e-02
2.304437528637006197e-02
2.347153689851874669e-02
2.388911732726919923e-02
2.425337107268531189e-02
2.453305384804014069e-02
2.470596102761363211e-02
2.480712745618895293e-02
2.489757973218402129e-02
2.501002606304891795e-02
2.510953618099654241e-02
2.515540209301990113e-02
2.515246121030618662e-02
2.512717671031317740e-02
2.512207792366093553e-02
2.515763248082706141e-02
2.526391281839178785e-02
2.544666800945077911e-02
2.559530180278338229e-02
2.564656039161958626e-02
2.563808442749423294e-02
2.560487332787945297e-02
2.557613801962885930e-02
2.560188080020624202e-02
2.574236723951391775e-02
2.605828960850932463e-02
2.651998077815255483e-02
2.702804216705090301e-02
2.752731284290022701e-02
2.796606729084117823e-02
2.828760059827052989e-02
2.846014375697356047e-02
2.848468983090829756e-02
2.835364946788820201e-02
2.808937230787899794e-02
2.774036385690899567e-02
2.731604239606797227e-02
2.682562423261748707e-02
2.633227090524493247e-02
2.588868317165815558e-02
2.555017083438305275e-02
2.540078642982640869e-02
2.547906000262089785e-02
2.579362405259807978e-02
2.633963433367262491e-02
2.707045752478874287e-02
2.794588031818215010e-02
2.890821883210982837e-02
2.984592880804256068e-02
3.067900740586883973e-02
3.136717155618909403e-02
3.186913840439333651e-02
3.216123794917793294e-02
3.222799932691878394e-02
3.203931606722402320e-02
3.155927923547437175e-02
3.078245203334970329e-02
2.973557553699280806e-02
2.850011730790897105e-02
2.720097932200249077e-02
2.599882132172002050e-02
2.507201162393234498e-02
2.456400948034475132e-02
2.451644292043319781e-02
2.492240288497968650e-02
2.576517066887586832e-02
2.696535755099937690e-02
2.844894489541040933e-02
3.021530341638805489e-02
3.209696363660979185e-02
3.390715762091688068e-02
3.552045897481395653e-02
3.682948915935888023e-02
3.765995080021353886e-02
3.780744903542134633e-02
3.721153942142062937e-02
3.589886566190580303e-02
3.398485425710117552e-02
3.171345703684545769e-02
2.936900829486469369e-02
2.722087567023639965e-02
2.551089405861499751e-02
2.442269731586332523e-02
2.401947157195886973e-02
2.424384295675659218e-02
2.502712554446673981e-02
2.628154819068284631e-02
2.788713207583308831e-02
2.976114191438385126e-02
3.177467682584179248e-02
3.376924559218920374e-02
3.560690976468586233e-02
3.719206474934064893e-02
3.839738416280025907e-02
3.909782775555505074e-02
3.925990401195576796e-02
3.888458538735078268e-02
3.792435959868706991e-02
3.645639550737474893e-02
3.470792338218733897e-02
3.291172462722200681e-02
3.123594065376113227e-02
2.979150514313376116e-02
2.865508179739015629e-02
2.791016156658604475e-02
2.761827566401931291e-02
2.780055247630805818e-02
2.842500100872751012e-02
2.945946109250115533e-02
3.085059516932502077e-02
3.243644045187817071e-02
3.405746087967651686e-02
3.559752824637362617e-02
3.697469196334897401e-02
3.811645980023214281e-02
3.887029075014567653e-02
3.910466541903023091e-02
3.883495860898582286e-02
3.816629088445620821e-02
3.722597404609159777e-02
3.615830555639845678e-02
3.510883600730365511e-02
3.422100158416023497e-02
3.361328808649138161e-02
3.332460706937297179e-02
3.330814890019439395e-02
3.347676470716889896e-02
3.375816010262400885e-02
3.410014019850474143e-02
3.443937986123755263e-02
3.476769107859405822e-02
3.510180553151196620e-02
3.544633879001578280e-02
3.580497367122369851e-02
3.618265784484243908e-02
3.656298506891206973e-02
3.692767154856155254e-02
3.727165875671140105e-02
3.757064827259671419e-02
3.779617105219840872e-02
3.796738466202322776e-02
3.811350089542198116e-02
3.825434174664828213e-02
3.841263580287190144e-02
3.858769746726622291e-02
3.876969054182546198e-02
3.896722753980069731e-02
3.917077711269178336e-02
3.933495219804897247e-02
3.940189956695563239e-02
3.932062997884416822e-02
3.906178689582629621e-02
3.860434186472147533e-02
3.795684744251134890e-02
3.720130391030074257e-02
3.647288306970664779e-02
3.588582021714125520e-02
3.548706730858362107e-02
3.531156376456722618e-02
3.541683945604430506e-02
3.583815351545067279e-02
3.656398085089246353e-02
3.755864638074665751e-02
3.871000351456036631e-02
3.985407713946752944e-02
4.091205422763992405e-02
4.184706476752660109e-02
4.256399324350733371e-02
4.296738055985269145e-02
4.301500505274710034e-02
4.270977227790681563e-02
4.210150672878149730e-02
4.127974491204563362e-02
4.033820636456594139e-02
3.934218494663489774e-02
3.839336270964673753e-02
