3.941136814591406079e-04
1.874802450366963580e-02
3.917894497941976084e-02
2.774323956092916710e-02
8.758003249852874816e-03
1.322845774520797768e-02
2.815665781623488684e-02
2.816055231451930485e-02
1.892568655604731642e-02
1.710245979122348992e-02
2.290830545851385569e-02
2.058630416125517559e-02
1.990781696473920004e-02
2.337342724661128912e-02
2.584481087541734556e-02
2.016123873934050348e-02
1.416548610312484691e-02
1.860265333936705900e-02
3.125932048612667380e-02
3.064239467686380447e-02
