3.955450294527151911e-04
1.184286790628541475e-03
3.756832828540113134e-03
7.832680931913804656e-03
1.299207007610236886e-02
1.872917389801931343e-02
2.450781809830615554e-02
2.981421778961157454e-02
3.420391136675049459e-02
3.733927012271531787e-02
3.901330128828228716e-02
3.915656626433616783e-02
3.783016517741666362e-02
3.520953755206668312e-02
3.156326889768534816e-02
2.723024306983590215e-02
2.259265262018161913e-02
1.804189552525647944e-02
1.394421906326170912e-02
1.060911094309124891e-02
8.263567110918801362e-03
7.041042669556962785e-03
6.976188162792218428e-03
8.010139974687802145e-03
9.999869624816692948e-03
1.273898640405934923e-02
1.597581555985538859e-02
1.943571799419752111e-02
2.284492577036389971e-02
2.594975585217540459e-02
2.853152001970471474e-02
3.041574872802410567e-02
3.148849118819674331e-02
3.171296986100713422e-02
3.112685218076416405e-02
2.982369702990839144e-02
2.795180545741215994e-02
2.570685692607743711e-02
2.331093316777321789e-02
2.097583019789073244e-02
1.887168664621596825e-02
1.713057866063449897e-02
1.583944631319511576e-02
1.503151051022277862e-02
1.469345174417535649e-02
1.478611414682406977e-02
1.527459320960011802e-02
1.611271595883478902e-02
1.723364168727814505e-02
1.855384230488832387e-02
1.994734492449079521e-02
2.128305152203768813e-02
2.245858611496431845e-02
2.338316412328511618e-02
2.402033605992603960e-02
2.439236702892522146e-02
2.461291959465661261e-02
2.478716856851104211e-02
2.495602584863798601e-02
2.510031801732681700e-02
2.514616256513035886e-02
2.495179200859598545e-02
2.442822717624226758e-02
2.361976552230193871e-02
2.261953607158462276e-02
2.156087401833006734e-02
2.060045187813852596e-02
1.984647262070249329e-02
1.933035545518291265e-02
1.903057929774243373e-02
1.891851753760664945e-02
1.896628344957762557e-02
1.915274148752066363e-02
1.946924397872162871e-02
1.989965739715504611e-02
2.041374336730361616e-02
2.097052820726430511e-02
2.154119466658510618e-02
2.212737916157336837e-02
2.276237241477663265e-02
2.348924102791249968e-02
2.432968686917924561e-02
2.524112630854247197e-02
2.611465979146065930e-02
2.682356870498148194e-02
2.720990730844097261e-02
2.713866519997587545e-02
2.659169451350729130e-02
2.567166979441304342e-02
2.448334141296193422e-02
2.316707062501544012e-02
2.190300178782134122e-02
2.086646413873582961e-02
2.017298844468984331e-02
1.986357866998955668e-02
1.984761608385510190e-02
1.996780688006194460e-02
2.010396932085567467e-02
2.022601315349414897e-02
2.041212232585298825e-02
2.080274027948603166e-02
2.152156713013375633e-02
2.267281475308502436e-02
2.425566835016446099e-02
2.615468773916496126e-02
2.810408527145469293e-02
2.976672032825911085e-02
3.081766946678232699e-02
3.107172766501320460e-02
3.047464840636104899e-02
2.911866357921966131e-02
2.723587834656815421e-02
2.517848049199666871e-02
2.329440847060293418e-02
2.181306481082856408e-02
2.084788683795024689e-02
2.037113675579160788e-02
2.024986064399370012e-02
2.031330417836774149e-02
2.045994563396058563e-02
2.068135905751122827e-02
2.105228317715712727e-02
2.169330310617090252e-02
2.270523457905004872e-02
2.410503721171242120e-02
2.581791839668701183e-02
2.768637381980554313e-02
2.950282856447017377e-02
3.112417231658837213e-02
3.236486336553090482e-02
3.304197444227441327e-02
3.307660086040620229e-02
3.246006415337343576e-02
3.125146157069791375e-02
2.954155208323050452e-02
2.748629522471557340e-02
2.527585634156792604e-02
2.311001977968951682e-02
2.117905393438512807e-02
1.962873568623857423e-02
1.864819901062109153e-02
1.838374882724136405e-02
1.881767475348083973e-02
1.993963192613479318e-02
2.168810659342179648e-02
2.399334418240495204e-02
2.675393901278244613e-02
2.980768470720629448e-02
3.292073238701842541e-02
3.576718656714117373e-02
3.806907912611490197e-02
3.951454141683186094e-02
3.989822312563462425e-02
3.918627890316039863e-02
3.751028104462561519e-02
3.500312787261783409e-02
3.195502059210841850e-02
2.864331030544986501e-02
2.536240569663594790e-02
2.239865948249997185e-02
2.003059203959434154e-02
1.844905944456398661e-02
1.777161045968933539e-02
1.816511872508275172e-02
1.967005217966066866e-02
2.212658057326544192e-02
2.530661199397565841e-02
2.898356207298558029e-02
3.285504937613914489e-02
3.653046980931207166e-02
3.968522545920527556e-02
4.212101104281362751e-02
4.370706140654401217e-02
4.439032621759331221e-02
4.414311525841019268e-02
4.296329166803847244e-02
4.086878921037140344e-02
3.795403860359691794e-02
3.441434138549126498e-02
3.055687525418904205e-02
2.675651315384164342e-02
2.338267427081619498e-02
2.077694481736191978e-02
1.922847343563804934e-02
1.888570260939614887e-02
1.974610435096280092e-02
2.169007233206088348e-02
2.448679025499345130e-02
2.788844566600390262e-02
3.167001551050829811e-02
3.559380824315916403e-02
3.935546876611972777e-02
4.260923230738233869e-02
4.505754849584531208e-02
4.646830427026971133e-02
4.671060152452743974e-02
4.578863765948026909e-02
4.386835773558939167e-02
4.114865622586572069e-02
3.791439799371532082e-02
3.454424841130099288e-02
3.135184839113691613e-02
2.855347173237376968e-02
2.632352637247759031e-02
2.477908598338574020e-02
2.403149459339593008e-02
2.411281475563820109e-02
2.500152832770630162e-02
2.662477196374624100e-02
2.886753693044796787e-02
3.159867693520979071e-02
3.461274712835837875e-02
3.760882599480341870e-02
4.028081568803143497e-02
4.241433539075356585e-02
4.389183194969226154e-02
4.467905221208712252e-02
4.475600220936104545e-02
4.414355593524477150e-02
4.294585169125353374e-02
4.131293169157290723e-02
3.941336536268935653e-02
3.747832179555643517e-02
3.576791612297691714e-02
3.444265659054035478e-02
3.355860790790854420e-02
3.310289650638420511e-02
3.302697172758162214e-02
3.325062611288365222e-02
3.370680841778106451e-02
3.433197927834430452e-02
3.506748746179455534e-02
3.584815590926471174e-02
3.660269136064109308e-02
3.731283381836991708e-02
3.796691409966579389e-02
3.850625121532313955e-02
3.895902675377627133e-02
3.935123321533284813e-02
3.963924656524753232e-02
3.983280191053983899e-02
4.004574020833284731e-02
4.036447666719555905e-02
4.082157341794467875e-02
4.142721092982271092e-02
4.211055645176642326e-02
4.277420215780425305e-02
4.328961874319114944e-02
4.350047298542014662e-02
4.330414233534796153e-02
4.265191831801407041e-02
4.153928072349077905e-02
3.999473407897946586e-02
3.819827551637045016e-02
3.638081632907375074e-02
3.477408415191896029e-02
3.359405024595085720e-02
3.297159270468796866e-02
3.294810895113675642e-02
3.351491340515144746e-02
3.457047699736359725e-02
3.598388901872096035e-02
3.774745739278839718e-02
3.983697469451652484e-02
4.212852120644217102e-02
4.444081681876754786e-02
4.660218930420667593e-02
4.835227538452857576e-02
4.943709859514511251e-02
4.971243421996041079e-02
4.913313605501667958e-02
4.781234008515067302e-02
4.596100227331301191e-02
4.380774314996593866e-02
4.159330753204648623e-02
3.948720852075671139e-02
3.757563399803387494e-02
3.589975065037154245e-02
3.464389418602542570e-02
3.395885492568018194e-02
3.383495044618500813e-02
3.420309009269828504e-02
3.507725877301448580e-02
3.644576029220691904e-02
3.825391760015284248e-02
4.041039057204420804e-02
4.277685027326894041e-02
4.517042024191531002e-02
4.740977773230581338e-02
4.934865267077737094e-02
5.084342129702923430e-02
5.176993631078907754e-02
5.207886780194415088e-02
5.171864928285774266e-02
5.071482416352601774e-02
4.916473028536039180e-02
4.711888928070206983e-02
4.464769511208999120e-02
4.197725573294042167e-02
3.937221454415418265e-02
