1.154526707624294241e-04
4.595347871839206087e-05
1.613569298871579951e-05
7.168005787568356639e-05
1.225763063999210059e-04
1.717659857271163794e-04
2.231541208186184951e-04
2.815283889672627149e-04
3.525678838753985725e-04
4.429346026022421110e-04
5.602842596692499469e-04
7.129151471163024849e-04
9.088114085316331475e-04
1.154100671037985078e-03
1.451343538135936107e-03
1.798379882823969433e-03
2.188315285815588349e-03
2.610668509321128691e-03
3.053007816586298089e-03
3.502196881683238526e-03
3.944818782551980790e-03
4.366682281407435751e-03
4.751902831206003888e-03
5.082305561724769633e-03
5.337707043943166509e-03
5.497561061535526442e-03
5.543751145798261025e-03
5.463868738487740774e-03
5.254369299392782321e-03
4.923005418566749232e-03
4.490545522888475874e-03
3.991547924564518499e-03
3.473691231512418716e-03
2.995643660409066066e-03
2.623277094318252674e-03
2.424246761739739121e-03
2.460751608457422638e-03
2.780712033384521130e-03
3.408353736306979614e-03
4.336251005825409767e-03
5.522534495037405115e-03
6.893003694235289892e-03
8.348516586389589933e-03
9.774421164770672951e-03
1.105070838659407903e-02
1.206213811062521041e-02
1.270931818881575713e-02
1.292021092373853500e-02
1.265997165648116013e-02
1.193664160769643441e-02
1.080201438177539816e-02
9.350306118443726250e-03
7.712758676724149921e-03
6.049338517681241215e-03
4.535283267414423267e-03
3.341263132755900155e-03
2.611588443680688300e-03
2.445991081577516667e-03
2.888567635811775929e-03
3.924905252629796656e-03
5.484896541752015166e-03
7.451206782152906827e-03
9.669318221438509553e-03
1.196129404064611226e-02
1.414161240809625256e-02
1.603368132243272390e-02
1.748634973132824622e-02
1.838678205443868008e-02
1.866969561663730376e-02
1.832261450985799012e-02
1.738617044523958766e-02
1.594996034840065816e-02
1.414438046923754619e-02
1.212955213917721320e-02
1.008265883634530506e-02
8.184949557459063677e-03
6.607838690944073216e-03
5.500952120493048624e-03
4.980066636408085959e-03
5.117034400365132012e-03
5.932709102651055610e-03
7.390864748979769291e-03
9.395206875820566808e-03
1.179363811808984211e-02
1.439210354838088742e-02
1.696951010166184923e-02
1.930117678764434533e-02
2.118079442649136931e-02
2.244041244541620725e-02
2.297065134480053700e-02
2.273493889179235145e-02
2.177723290746306009e-02
2.021641462540696779e-02
1.822638131709902048e-02
1.602160748944222654e-02
1.383164459756245322e-02
1.187860032616862641e-02
1.035842729504938414e-02
9.422659904971351225e-03
9.161373812930520208e-03
9.591772326856975658e-03
1.065893142661702292e-02
1.224439863438252056e-02
1.418143100188675246e-02
1.627748425417928010e-02
1.833675567681583921e-02
2.018193794979969077e-02
2.167241429006019210e-02
2.271321538736470122e-02
2.326087175949395972e-02
2.332610614411874395e-02
2.295848899193631346e-02
2.223896811817062044e-02
2.127141636925630741e-02
2.017180389876746527e-02
1.906021469139880867e-02
1.805119493032452185e-02
1.724337057401411147e-02
1.671135603703819902e-02
1.649925105371910158e-02
1.662259979567664789e-02
1.706430513212415720e-02
1.777873563601874846e-02
1.869653389742231830e-02
1.973042863723344087e-02
2.078756084091445272e-02
2.177465264093068897e-02
2.260678586902064788e-02
2.321849711095044094e-02
2.357156706014536598e-02
2.366095176695297633e-02
2.351644768147977821e-02
2.319449601709453954e-02
2.276783166246092865e-02
2.231720865232258641e-02
2.192355990654446321e-02
2.165905036321860710e-02
2.157905864126099735e-02
2.170871995043911415e-02
2.204083559016805152e-02
2.254055953043487132e-02
2.315270275599243949e-02
2.381635440471645618e-02
2.446016986044814018e-02
2.501248874155310303e-02
2.541459509408338160e-02
2.563371875037655581e-02
2.567245229993857930e-02
2.556208727751701007e-02
2.534846486506337968e-02
2.508244417901110690e-02
2.481189679570248302e-02
2.457985519030284755e-02
2.442412199526102987e-02
2.437481156164186119e-02
2.444719608189283022e-02
2.463947521913913141e-02
2.494003068972839091e-02
2.533309460998677681e-02
2.580117333755272899e-02
2.632382071547021904e-02
2.687685482148915311e-02
2.742794139136368534e-02
2.794759109272305919e-02
2.841221076090546388e-02
2.880954815782667267e-02
2.913801327997812482e-02
2.939868927085542358e-02
2.959073148119233804e-02
2.971839275917896248e-02
2.978247037663911412e-02
2.978172601821861901e-02
2.971220706844696080e-02
2.956942458932376033e-02
2.935194046728559908e-02
2.906128676278739095e-02
2.870461324841978509e-02
2.830252965279196273e-02
2.789100253182733719e-02
2.752051376533641916e-02
2.725106170607705797e-02
2.714465107301726812e-02
2.725816131413101931e-02
2.763606147078410263e-02
2.830454614736668470e-02
2.926128832680427796e-02
3.046430512605421276e-02
3.183523802873362146e-02
3.326985213213792120e-02
3.464730746305397929e-02
3.584820472437123123e-02
3.676933112207191739e-02
3.732833005555783595e-02
3.746747414721193076e-02
3.716430964340074888e-02
3.643293624195369923e-02
3.532162989991082663e-02
3.391528688658619617e-02
3.232979041683851223e-02
3.070696732570015949e-02
2.920484493031717463e-02
2.798227945255885030e-02
2.718286061028600195e-02
2.691482162920026677e-02
2.723598340267811488e-02
2.814959055093296456e-02
2.960072251076003788e-02
3.148752501049959657e-02
3.367321813607483671e-02
3.598844785651648254e-02
3.826335603178906974e-02
4.033365170344967859e-02
4.204623287006319793e-02
4.327044877422754621e-02
4.390633510675764212e-02
4.389315639015354403e-02
4.322105861003338462e-02
4.193719677684823455e-02
4.014258464014714561e-02
3.798521664411914217e-02
3.564823504304894669e-02
3.333785132300396553e-02
3.127147062788249859e-02
2.965517071812732997e-02
2.865849385531062457e-02
2.839308589435043592e-02
2.890422504440961701e-02
3.016681265368193268e-02
3.209319897556368872e-02
3.454006825119410734e-02
3.731751714854487922e-02
4.020724610400010918e-02
4.297397012484208134e-02
4.539260090536666875e-02
4.726767669189104598e-02
4.844703729426236283e-02
4.883972100284315887e-02
4.842525941355193403e-02
4.725543932503593197e-02
4.545701758355102234e-02
4.321892497479722789e-02
4.076667945580758623e-02
3.834273669288904007e-02
3.617569800459234652e-02
3.445947143476214836e-02
3.333824035132010311e-02
3.289226648771129830e-02
3.313925697511389823e-02
3.403833331643529858e-02
3.549574127685134473e-02
3.737696038811955113e-02
3.952574778187244176e-02
4.177262180751714626e-02
4.395578443871859392e-02
4.593210508214168319e-02
4.757667796883339323e-02
4.879068198349275493e-02
4.950744564987550472e-02
4.969707443130445823e-02
4.936486669307287717e-02
4.855522010200535865e-02
4.735738616326042039e-02
4.589198028576366162e-02
4.429863636548957151e-02
4.272439857286865206e-02
4.131738774410809167e-02
4.021498501698338168e-02
3.953034557065182586e-02
3.933341483544224720e-02
3.963812754491767565e-02
4.040573045947446623e-02
4.155684484979267623e-02
4.297680264208031398e-02
4.452732298166997560e-02
4.606177510708694273e-02
4.743853284999683534e-02
4.853665903356504246e-02
4.927788529219935543e-02
4.964047354520410155e-02
4.965558087716660102e-02
4.939182371381380110e-02
4.894254483858724580e-02
4.841375539900084901e-02
4.791108227754391907e-02
4.752149063033177245e-02
4.730362261295415621e-02
4.728236283888999358e-02
4.745246431788734121e-02
4.777847565477892633e-02
4.818827221320392401e-02
4.860649870099242875e-02
4.896377613015590741e-02
4.920540122597365229e-02
4.929913440581068507e-02
4.923905690576773492e-02
4.905031547398193414e-02
4.878074897062337906e-02
4.848829097940794697e-02
4.823382557325309877e-02
4.807725545680540530e-02
