1.742928791258298027e-01
1.606043622807759030e-01
1.453527848969020098e-01
1.301302570535733116e-01
1.165000753590391819e-01
1.058356930558856934e-01
9.919849203932548654e-02
9.725101636829860952e-02
1.001989280676025551e-01
1.077614664107618969e-01
1.191790956228843124e-01
1.332684024872719808e-01
1.485281034093326180e-01
1.632940532770134068e-01
1.759383391808657104e-01
1.850969462229969387e-01
1.898848431392458902e-01
1.900353914460781168e-01
1.859102067416437964e-01
1.783744692080577732e-01
1.685873023270206272e-01
1.577797173697346733e-01
1.470761078550309742e-01
1.373813927745208552e-01
1.293311373246394391e-01
1.232919412492629457e-01
1.194029139999977507e-01
1.176357852827244754e-01
1.178612712657819417e-01
1.198988651101993846e-01
1.235395605522455614e-01
1.285202356164252546e-01
1.345282816817622018e-01
1.412019168279957659e-01
1.481091227183659320e-01
1.547594862543184013e-01
1.606435797862500181e-01
1.652708644956996931e-01
1.682294362362223572e-01
1.692632599062663390e-01
1.683127413686457963e-01
1.655307222848544368e-01
1.612580434198552237e-01
1.559784068940216206e-01
1.502666061419211663e-01
1.447043377041341006e-01
1.398094087732197066e-01
1.359856602147807292e-01
1.334936680754473803e-01
1.324254723285074320e-01
1.326705164579926044e-01
1.339917086678005798e-01
1.360687766021275724e-01
1.385655568186848763e-01
1.411772454690942424e-01
1.436531163509428277e-01
1.458329998632097446e-01
1.476535081445730924e-01
1.490946450256144529e-01
1.501757901021694430e-01
1.509739419434639462e-01
1.516342742496770424e-01
1.522331945637360739e-01
1.527339957403937576e-01
1.530633374289021575e-01
1.531617416235195039e-01
1.529847713666679654e-01
1.525011153600698832e-01
1.516944827850480182e-01
1.505695742340936172e-01
1.491946038909489070e-01
1.476910201826650559e-01
1.461881675832802652e-01
1.448076728073336983e-01
1.436361479113615891e-01
1.427289585956025564e-01
1.421269344619618680e-01
1.418683761275891242e-01
1.419869527452603530e-01
1.425071265569496370e-01
1.434077391790496425e-01
1.446326196033408951e-01
1.460974278685675254e-01
1.477085914481202911e-01
1.493891824241154742e-01
1.510326140540775575e-01
1.525000695533335338e-01
1.536722926159843072e-01
1.544725576387575017e-01
1.548144810831182938e-01
1.545983779313881423e-01
1.538020174326644729e-01
1.524622161321639857e-01
1.506720768302505231e-01
1.486111574788925582e-01
1.465554729614829688e-01
1.447896782114187764e-01
1.435081834547649315e-01
1.428477129825673764e-01
1.428950744886204605e-01
1.436508546523834196e-01
1.449833268009851073e-01
1.466714068045765207e-01
1.484494551304272325e-01
1.500815885399759408e-01
1.514301581854317902e-01
1.523997326165162369e-01
1.528995027334345003e-01
1.528983832202663040e-01
1.524194511700164567e-01
1.515059633185509014e-01
1.502534965592942084e-01
1.488363250602526833e-01
1.474206941151003092e-01
1.461889592153575723e-01
1.453299875441376177e-01
1.449688221510499198e-01
1.451740120930786471e-01
1.459454946059497160e-01
1.471851889740989627e-01
1.487398516605668020e-01
1.504652457265935050e-01
1.521741259699374849e-01
1.535861517645673580e-01
1.545263814307367423e-01
1.549883095331659744e-01
1.549655312011212205e-01
1.544635982331303004e-01
1.535558198102537908e-01
1.524001080692878873e-01
1.512399079816932890e-01
1.502772651153728434e-01
1.495841087070655384e-01
1.491435522351124976e-01
1.488915511717089080e-01
1.487321064562414363e-01
1.485469905925236866e-01
1.482151851184375646e-01
1.476623661861400372e-01
1.468611891175153616e-01
1.458626003388036052e-01
1.448489275779966112e-01
1.441384978715816723e-01
1.440751875146482341e-01
1.449550836171654977e-01
1.469588687598673005e-01
1.499960592476910493e-01
1.538291669114749127e-01
1.581334474104495735e-01
1.624369912637166347e-01
1.662123856906510821e-01
1.688990555127478921e-01
1.699426714527126070e-01
1.689919270840115895e-01
1.659524026940358277e-01
1.609724582204555554e-01
1.544918840731484833e-01
1.472511340764821874e-01
1.400336313478100780e-01
1.335979569734137562e-01
1.286614300534936750e-01
1.258066645582799070e-01
1.254209138107813815e-01
1.276579922933797351e-01
1.322709726218756487e-01
1.387540157155443543e-01
1.465329062172403829e-01
1.549786325863581338e-01
1.633977875880630037e-01
1.710825457641508562e-01
1.774246008027641208e-01
1.817925690077588086e-01
1.836256404326206404e-01
1.827750982276723501e-01
1.794226664603033039e-01
1.739474331986154421e-01
1.668045691139124764e-01
1.584966088951526297e-01
1.496484588938831184e-01
1.409613813809523220e-01
1.330615882051892074e-01
1.264990990588220066e-01
1.217384145563533832e-01
1.191947206374243673e-01
1.192170396898243612e-01
1.220065668559541933e-01
1.275746811787739354e-01
1.357070529397026715e-01
1.459220367395975826e-01
1.573845463077130080e-01
1.689402331995189521e-01
1.793832516586516546e-01
1.876781276747591931e-01
1.929364976049520730e-01
1.944283051117750849e-01
1.918833944739419262e-01
1.855612667703321894e-01
1.761724250996368757e-01
1.647279916281662038e-01
1.523867822168336050e-01
1.403302609300738357e-01
1.296447948573717091e-01
1.213053312666347999e-01
1.159756422530126146e-01
1.140371386032241197e-01
1.156042093269904897e-01
1.204469678637209856e-01
1.279964176701978706e-01
1.374835770493572640e-01
1.480291292931928959e-01
1.586943310469605684e-01
1.685585395463455871e-01
1.766942791359744913e-01
1.823314483899463878e-01
1.850117452322996014e-01
1.846627869072960115e-01
1.815505588075133070e-01
1.761426524131673166e-01
1.690659955091387001e-01
1.610349303914801466e-01
1.527176145115804184e-01
1.446906979733248166e-01
1.375294514999162165e-01
1.317626093933318698e-01
1.277937938032641663e-01
1.259146926158436208e-01
1.262081981806514597e-01
1.285870475335269270e-01
1.328499871111186170e-01
1.386479957714077116e-01
1.454277592220881987e-01
1.524797938346748594e-01
1.590129435174707229e-01
1.642502000493575309e-01
1.676578139010572732e-01
1.690224415633551636e-01
1.684175052402114570e-01
1.661813060362209715e-01
1.627767240932038173e-01
1.587571000024419754e-01
1.547082305857577222e-01
1.510915929072437214e-01
1.481959035194942431e-01
1.461691659196456827e-01
1.450806234200184286e-01
1.448598402661023243e-01
1.452354138005019779e-01
1.458213586793567496e-01
1.463246572955749503e-01
1.466895325372771230e-01
1.468682429342682561e-01
1.468218755487137872e-01
1.467226482355590833e-01
1.467542237074499489e-01
1.470537989249202926e-01
1.477094764051128661e-01
1.487006012742006222e-01
1.499332178479892141e-01
1.512839351219480988e-01
1.525598113842463466e-01
1.535588857163867615e-01
1.541149983021549430e-01
1.541564009767666388e-01
1.537609299248323402e-01
1.531061706440033643e-01
1.523974769211871305e-01
1.517559690571473885e-01
1.512424426900008945e-01
1.509075842878284113e-01
1.508079352682193675e-01
1.509710517934889640e-01
1.512952406367791824e-01
1.516089404520394035e-01
1.517307049483240800e-01
1.515196348850917363e-01
1.509475392062326060e-01
1.500286716917940133e-01
1.487909036915070204e-01
1.473722432235740343e-01
1.460303962633906494e-01
1.450404523723641259e-01
1.446351767286561396e-01
1.449993520603199970e-01
1.462097512902873764e-01
1.481914102129825717e-01
1.506415394233084626e-01
1.531630252316284191e-01
1.554560001120686707e-01
1.572747605083831268e-01
1.584065209049295708e-01
1.587584683717420397e-01
1.582548405590340213e-01
1.568214622063188179e-01
1.545983969083444820e-01
1.519175557696617884e-01
1.491825783465125232e-01
1.468042026496630403e-01
1.450957752070392293e-01
1.442418981664828348e-01
1.443658555146701827e-01
