3.951623692378669617e-04
1.184081799190717099e-03
3.756736171839136773e-03
7.832642774358022919e-03
1.299205819836324327e-02
1.872917408925633964e-02
2.450782320841238260e-02
2.981424286462763806e-02
3.420397192606117187e-02
3.733940624890963456e-02
3.901341836747751479e-02
3.915667613800699609e-02
3.783015299923220276e-02
3.520902695904837287e-02
3.156280946323930525e-02
2.722947378196449719e-02
2.259151990780172703e-02
1.804047416809140270e-02
1.394260416159376348e-02
1.060671570454052581e-02
8.261583437945585473e-03
7.038803804586546420e-03
6.972734210896835982e-03
8.004611788304694109e-03
9.994414882764424135e-03
1.273370516158522925e-02
1.597111230361225598e-02
1.943348535102773500e-02
2.284783848899385461e-02
2.595013215848196442e-02
2.852392040999063294e-02
3.039545411726529700e-02
3.146330415422970983e-02
3.168976681756874303e-02
3.110693766266403593e-02
2.981228472439201305e-02
2.796116299696826957e-02
2.574475508130869006e-02
2.336231485703799127e-02
2.102017339661266249e-02
1.887500146866782913e-02
1.704353885122911194e-02
1.564744063714140765e-02
1.477048738305775100e-02
1.444624299598862294e-02
1.464164162879555420e-02
1.527297751714429275e-02
1.623868325021260439e-02
1.741320461435713618e-02
1.866363091622957882e-02
1.989560526475453450e-02
2.103796588908479759e-02
2.206295288219062289e-02
2.297849131110785148e-02
2.378851568985695941e-02
2.444244475558343677e-02
2.489339604847495835e-02
2.514211510820307804e-02
2.517678332464634572e-02
2.498394368709666580e-02
2.457833445100410241e-02
2.400236289548862700e-02
2.328973483857299520e-02
2.248557440723730760e-02
2.162550131485463378e-02
2.072870080270183824e-02
1.983095153166913871e-02
1.900894294516941585e-02
1.837118550932181904e-02
1.800949469051116303e-02
1.796108769563364849e-02
1.819818679893381308e-02
1.863648228947589747e-02
1.917162768024327502e-02
1.973510308338455310e-02
2.031961943119975356e-02
2.095333293027457078e-02
2.166034648146142327e-02
2.242633155769169218e-02
2.318366549639838681e-02
2.381553330864227824e-02
2.418783742232111234e-02
2.421301430723554748e-02
2.388943333291715376e-02
2.329795386981514671e-02
2.257793443596722849e-02
2.186803264754011433e-02
2.126099506909284731e-02
2.079742622596625345e-02
2.048580592470417017e-02
2.033257444714886564e-02
2.034914222231964942e-02
2.054289804715359047e-02
2.089892542947235921e-02
2.137546585992367021e-02
2.190721355800706593e-02
2.240356517748764986e-02
2.276842071039231197e-02
2.291524475875506006e-02
2.278678542643119975e-02
2.238671644670220395e-02
2.177893948275422265e-02
2.105686453846944417e-02
2.032062669704581825e-02
1.967373082349577196e-02
1.919791866672948544e-02
1.894202347712414802e-02
1.893174090335203452e-02
1.918659836055025547e-02
1.971608308194239267e-02
2.050669984128650203e-02
2.151339927114659378e-02
2.265652383204586062e-02
2.382856084648643513e-02
2.491100286070035974e-02
2.579456707459570897e-02
2.640069871243033717e-02
2.668061861450576888e-02
2.658891395822016168e-02
2.609840053693945894e-02
2.520542661341318436e-02
2.394080965580447362e-02
2.238932483954381158e-02
2.069453699259682367e-02
1.904017730356621918e-02
1.760252997972289180e-02
1.650566203628944795e-02
1.579483131309344923e-02
1.545729907267001657e-02
1.547650674263412185e-02
1.584615439940761927e-02
1.658684899312667937e-02
1.773747466676389717e-02
1.931650754016545068e-02
2.127626234685442430e-02
2.349518418955276466e-02
2.580233206538051771e-02
2.799351382434567270e-02
2.984436028920867123e-02
3.118388209733291561e-02
3.186583204689130699e-02
3.178958222125272126e-02
3.090795317963990207e-02
2.924243996780817589e-02
2.690020626968503414e-02
2.403490201406499605e-02
2.083331892324913337e-02
1.756416316635067698e-02
1.453279028134057960e-02
1.203024451068734901e-02
1.030816019504865455e-02
9.553623219491602647e-03
9.865795538020250000e-03
1.124560141644459499e-02
1.359492878142387617e-02
1.672161477791211937e-02
2.039232828073078707e-02
2.431541793931868423e-02
2.814592351576772344e-02
3.157485139364590854e-02
3.436638598400487687e-02
3.631779724402406373e-02
3.725264790287463601e-02
3.705715524037989095e-02
3.569363304319561614e-02
3.323562461243101396e-02
2.988074196500856150e-02
2.591049711685433632e-02
2.164809142298362854e-02
1.744979050703387990e-02
1.366363768059930539e-02
1.060799075182028428e-02
8.534043648831812767e-03
7.606566530652503211e-03
7.900798370058859099e-03
9.416746421227584207e-03
1.207286331995960360e-02
1.569382484912407172e-02
1.999475872992684256e-02
2.462677260113776967e-02
2.921956197686426115e-02
3.337943216413497005e-02
3.673451522774051625e-02
3.897246755130934215e-02
3.987464007268470834e-02
3.935876279292915836e-02
3.747214465989590071e-02
3.436586789408135889e-02
3.029886336049780748e-02
2.565736023526044018e-02
2.090960422980847611e-02
1.651459737177596310e-02
1.286441296417695224e-02
1.025891578565951701e-02
8.890118225086118819e-03
8.838643082823005592e-03
1.005775203991454703e-02
1.239701351971778109e-02
1.562270479735283768e-02
1.944229635284544511e-02
2.351992946609837709e-02
2.748603989322317975e-02
3.096769806862242902e-02
3.365960382757271496e-02
3.536766431141913358e-02
3.601023750713450156e-02
3.559732904095092021e-02
3.421099474640398874e-02
3.200505999664171597e-02
2.923016136011635790e-02
2.619438105989613241e-02
2.319762471642339285e-02
2.050736466699176752e-02
1.833911787812214644e-02
1.683163390111153124e-02
1.606663931720453409e-02
1.604407919680539418e-02
1.667561177006726680e-02
1.783479777900731644e-02
1.939860248214964056e-02
2.122206256872738450e-02
2.315770181881593448e-02
2.505836624003454638e-02
2.676343736795605555e-02
2.811321668754862557e-02
2.895460099010505051e-02
2.919157906224090215e-02
2.884272065942949936e-02
2.805375493824613375e-02
2.707489454575673360e-02
2.617293202260517759e-02
2.548920467704163251e-02
2.505354930816316994e-02
2.480549869398429585e-02
2.461148997822126816e-02
2.435531006956304090e-02
2.400435666738243157e-02
2.360988489925064382e-02
2.326990908918558087e-02
2.307966349839984943e-02
2.307640136464406133e-02
2.323399641007539707e-02
2.352082982548453494e-02
2.388645365283148525e-02
2.423148095459015661e-02
2.447218715503518549e-02
2.460401067460182833e-02
2.464978945619655804e-02
2.464064559461209836e-02
2.467121692280327405e-02
2.482096949746692705e-02
2.511056918840193219e-02
2.550993977998516904e-02
2.594622535438606548e-02
2.633118254519495327e-02
2.657650067216921208e-02
2.663393649794898455e-02
2.653071525600159131e-02
2.630060822922730690e-02
2.600423869321710768e-02
2.574272916440578651e-02
2.557843769316658911e-02
2.549037136587506414e-02
2.543923529635716552e-02
2.540892180633214092e-02
2.538938049750094628e-02
2.536128525332170813e-02
2.534307399453250564e-02
2.537615288754113685e-02
2.550912464754151454e-02
2.575897269433657932e-02
2.607636998806495132e-02
2.639324221840810836e-02
2.671121161058487292e-02
2.697097957264205093e-02
2.705475221593112156e-02
2.690597997088939319e-02
2.651618393225718684e-02
2.591974836048105413e-02
2.519424859265118055e-02
2.443505297172154922e-02
2.374830286836693283e-02
2.326242140515866197e-02
2.312216474561124002e-02
2.341223527107394453e-02
2.416785202011684230e-02
2.536043260329656768e-02
2.690420572630969342e-02
2.866284160931154013e-02
3.045274435085332243e-02
3.204699240437802743e-02
3.320787407192871132e-02
3.374927670263139223e-02
3.353793133649740632e-02
3.253881641474876130e-02
3.084897074491588231e-02
2.864789395823230667e-02
2.613002341442960397e-02
2.350535418255839115e-02
2.102035500378807154e-02
