2.024878397818810529e-04
9.455405342052487089e-03
1.990252722655075010e-02
1.380995752644016868e-02
4.123526908342670799e-03
6.392973895850331996e-03
1.439875397149066247e-02
1.501712735701075246e-02
9.472605422184315546e-03
7.485666515197123873e-03
9.990919332656028606e-03
1.222243645423485951e-02
1.247047835034399352e-02
1.049541801741813406e-02
9.096322711192138602e-03
9.863066416697447575e-03
1.188569988226784863e-02
1.207257105084508751e-02
1.060647589468651474e-02
9.796454261376064468e-03
