4.156753966281234725e-04
1.196355608605648158e-03
3.761932594689043619e-03
7.831353678986352485e-03
1.298346064823563406e-02
1.871127810555217597e-02
2.447668334144481594e-02
2.976404125352716257e-02
3.412706987848324047e-02
3.722707860548979397e-02
3.885403519708574560e-02
3.893713471342019616e-02
3.754104160383597844e-02
3.484627589431144035e-02
3.112862477690570007e-02
2.673226939245332279e-02
2.204318516158465524e-02
1.745789863726698865e-02
1.334395245341390979e-02
1.000588886648212661e-02
7.664941037675898627e-03
6.447895007522408406e-03
6.385426245564485015e-03
7.419795404906226466e-03
9.415560700703928809e-03
1.217362097957075395e-02
1.545234028890274391e-02
1.898901214746895327e-02
2.251962619042602309e-02
2.579791048858548486e-02
2.860260342300413594e-02
3.076252032368143041e-02
3.213390091451695518e-02
3.263448758886933199e-02
3.224194859737616881e-02
3.100174588073267845e-02
2.903469407497771826e-02
2.653916802861089330e-02
2.377760448514232294e-02
2.104344280386372112e-02
1.859296642355234841e-02
1.658379265791121160e-02
1.505228510501088746e-02
1.393888644964669243e-02
1.314145075953498942e-02
1.259307957763966535e-02
1.233060647460282322e-02
1.248360983466179075e-02
1.320475795214093306e-02
1.459552233948391287e-02
1.660871841269107030e-02
1.904720200670628749e-02
2.162107496621712421e-02
2.402921657794054866e-02
2.605979117007017898e-02
2.763975073583557762e-02
2.878808363957052752e-02
2.955831076205150953e-02
2.995389819706262280e-02
2.989954847680598160e-02
2.927947830521870909e-02
2.800488505768039538e-02
2.608113513875753853e-02
2.363138193460900816e-02
2.087430160708170224e-02
1.807183151020841372e-02
1.546777220331541081e-02
1.325280546393792225e-02
1.156028765033534356e-02
1.047975868886963369e-02
1.007344164446977164e-02
1.039576330574820684e-02
1.147348323126995417e-02
1.329009871576580792e-02
1.576286177653296594e-02
1.873154981353819526e-02
2.197492092524644391e-02
2.523908656544004980e-02
2.825884492740915466e-02
3.078833954707904663e-02
3.263533273933050260e-02
3.367174214702517432e-02
3.382238967643846905e-02
3.304828483553845508e-02
3.137546354079956412e-02
2.887648303531942240e-02
2.565416397566455675e-02
2.191285095851946974e-02
1.791745264631994239e-02
1.398302952015173517e-02
1.044285148260404306e-02
7.613398570663454379e-03
5.766871701544107331e-03
5.117275556965728001e-03
5.786907561778686926e-03
7.785979294300249265e-03
1.100454913782022981e-02
1.521063899431540634e-02
2.005913261821201665e-02
2.512070959686718563e-02
2.992660786600476186e-02
3.401990554873202122e-02
3.701259359964159668e-02
3.861755713616310537e-02
3.867990622861283700e-02
3.719906729494737441e-02
3.433178397054248432e-02
3.036973032976320042e-02
2.568988135634120429e-02
2.071866715467340914e-02
1.587668170599121353e-02
1.153814773889161316e-02
8.009043316122177458e-03
5.525406208674810138e-03
4.263634097934509981e-03
4.335174697793209297e-03
5.761457438635542161e-03
8.469551709795575256e-03
1.226443765119034079e-02
1.681358657418852154e-02
2.168475364543964723e-02
2.641096556606037371e-02
3.056783337123525346e-02
3.382881164507556271e-02
3.597974083268362655e-02
3.692058579763934922e-02
3.665438792817898861e-02
3.519077283616411922e-02
3.260982159434600014e-02
2.910459448363911239e-02
2.495730002522045243e-02
2.054658441311218997e-02
1.631480505780369405e-02
1.268706586265377911e-02
9.988635627677600048e-03
8.404173804597681041e-03
7.962749473324537419e-03
8.563545057522325976e-03
1.004000833345941590e-02
1.219715878957938759e-02
1.483353050168001452e-02
1.774764263043815404e-02
2.074020379031349393e-02
2.362362755984848128e-02
2.622894642061579518e-02
2.842313973696952711e-02
3.010912819233491078e-02
3.119042730087362436e-02
3.159529611050526654e-02
3.130505025405438957e-02
3.034098820722952450e-02
2.877544297610634683e-02
2.673408380009423269e-02
2.438894840955996290e-02
2.192427572001498515e-02
1.951801984238976662e-02
1.732031683839296843e-02
1.543221508813374943e-02
1.394542232702311590e-02
1.292485314692271015e-02
1.241267674275425836e-02
1.243250834764453305e-02
1.297374389219640989e-02
1.399664777548192962e-02
1.545072252098822485e-02
1.728347373753891247e-02
1.943119524097125517e-02
2.180994604665686953e-02
2.429605288573533084e-02
2.670860162754273848e-02
2.882647357215095685e-02
3.043821935776491738e-02
3.138114431720828712e-02
3.157549627923184055e-02
3.105076226425151908e-02
2.991516410697181438e-02
2.830526148109657747e-02
2.634107450587719335e-02
2.409280670460167695e-02
2.162911229449571149e-02
1.900967526974917110e-02
1.628468135828220476e-02
1.364296655637531330e-02
1.133928286124319396e-02
9.634451592988702018e-03
8.780790480844569146e-03
8.953348017395335035e-03
1.021558402822375644e-02
1.252401328471897113e-02
1.572963731480148120e-02
1.959182150915694809e-02
2.380357057666981913e-02
2.804308681225031741e-02
3.198473374808219472e-02
3.528540325307161218e-02
3.758978323939410338e-02
3.860136835545391332e-02
3.813297116603797665e-02
3.616126615048298465e-02
3.283008670329568002e-02
2.844949502105842409e-02
2.344054191186062397e-02
1.828205808008243061e-02
1.343444359301126934e-02
9.299543980039404190e-03
6.199790571021601693e-03
4.376540545031004648e-03
3.986095688325530517e-03
5.103637518712678123e-03
7.674269002768685510e-03
1.150700368904411519e-02
1.629571782703687077e-02
2.162725470517778970e-02
2.701437752255009261e-02
3.196429831653413434e-02
3.604138273922430358e-02
3.891425710803453342e-02
4.037506814825930768e-02
4.033594470225931872e-02
3.881622821237884491e-02
3.591097220756112041e-02
3.182008006947112388e-02
2.687503462331064519e-02
2.150686498737397478e-02
1.621862500219151126e-02
1.152645440987598580e-02
7.883475152258179186e-03
5.615306515570184231e-03
4.867280504543325392e-03
5.595323972948262892e-03
7.621053697786650538e-03
1.070494570241176113e-02
1.461174724832037253e-02
1.905618977927026059e-02
2.373432816850717941e-02
2.829943028767534230e-02
3.234370474677317198e-02
3.544953198320677235e-02
3.728487846779104942e-02
3.767190901697425875e-02
3.663759414040435036e-02
3.443137724501232899e-02
3.142578500979731349e-02
2.802415766130472718e-02
2.456136433433619981e-02
2.127625584263781455e-02
1.829767121024838961e-02
1.570034190864733059e-02
1.355234139804462057e-02
1.195050130975028324e-02
1.106043803274736614e-02
1.102935820689510127e-02
1.192422979317919740e-02
1.368967858768765922e-02
1.613877369223370994e-02
1.898832205754907854e-02
2.193774507106016625e-02
2.470838307652334365e-02
2.709323919523509705e-02
2.900593203370838147e-02
3.044852439495659979e-02
3.142849489483412473e-02
3.192685020932317652e-02
3.193707600185724527e-02
3.145043788147594555e-02
3.044284959890231068e-02
2.891157510147801535e-02
2.690490244757393068e-02
2.452742963248100150e-02
2.200255751852120412e-02
1.961945750319160631e-02
1.755372514501885028e-02
1.596406541259842715e-02
1.493694726545902185e-02
1.446689893753494438e-02
1.450820633182603459e-02
1.503444210514648383e-02
1.601641976141876533e-02
1.739142556447947907e-02
1.910416106027212901e-02
2.103350766853284703e-02
2.304927255281452592e-02
2.505898969991549041e-02
2.700523460688986077e-02
2.883309047789883728e-02
3.044808747644933700e-02
3.173733011578683261e-02
3.259583647562358522e-02
3.288384532633514823e-02
3.244925622265371068e-02
3.121956099592382294e-02
2.924619733702937818e-02
2.667475478782055376e-02
2.371697911349535115e-02
2.062186048600245236e-02
1.766013819131451168e-02
1.505266663024562579e-02
1.298173856319195796e-02
1.158802644282175276e-02
1.098647199073710112e-02
