1.658577178775440253e-01
1.537513982423484027e-01
1.400090504590814633e-01
1.261232578202790000e-01
1.136070706302326205e-01
1.038255789772232068e-01
9.785447559198261203e-02
9.637004736182125386e-02
9.957803409921264781e-02
1.071864080532194674e-01
1.184199480031278423e-01
1.320730248171114729e-01
1.466072287406269825e-01
1.603118968030250169e-01
1.715363382016319438e-01
1.789628294559607313e-01
1.818427123294688863e-01
1.801082904714705890e-01
1.743217737625737951e-01
1.654965400202983439e-01
1.548693059969438734e-01
1.436921929122335906e-01
1.330771857543745218e-01
1.238978612110438193e-01
1.167448608208861843e-01
1.119304612705348950e-01
1.095312289572244052e-01
1.094492501288022585e-01
1.114695703964724421e-01
1.153005854812882564e-01
1.205962240170256744e-01
1.269658692809922385e-01
1.339836447444829326e-01
1.411966606524314993e-01
1.481329484972102595e-01
1.543120130381175070e-01
1.592654036984926524e-01
1.625739588335777253e-01
1.639220644858365994e-01
1.631587532677816199e-01
1.603461226254948024e-01
1.557749012078845918e-01
1.499403206615998740e-01
1.434796433350640221e-01
1.370860452652651329e-01
1.314171423128072946e-01
1.270141470112419457e-01
1.242410040627043438e-01
1.232489320165247038e-01
1.239682023789111659e-01
1.261287367617109356e-01
1.293087054317965112e-01
1.330043274297950939e-01
1.367086764887702754e-01
1.399860023387077823e-01
1.425280876854211065e-01
1.441856387783760074e-01
1.449725953888408025e-01
1.450413666744570784e-01
1.446330925747168206e-01
1.440128486207710445e-01
1.434071981492528458e-01
1.429589664561656814e-01
1.427091119626911209e-01
1.426083995450429798e-01
1.425491769198696246e-01
1.424042906806422815e-01
1.420631655324618992e-01
1.414594569999703955e-01
1.405866640536223289e-01
1.394996950539007241e-01
1.383022355147731919e-01
1.371238292918646184e-01
1.360948577714909957e-01
1.353261351461868267e-01
1.348963016593974218e-01
1.348471945213079448e-01
1.351839192395001277e-01
1.358784782366066757e-01
1.368742894338245142e-01
1.380901157830292103e-01
1.394266608725802103e-01
1.407717397371680002e-01
1.420093411288067542e-01
1.430246023351186280e-01
1.437115862221519103e-01
1.439821495604389767e-01
1.437794581732620147e-01
1.430902567343065312e-01
1.419562807748251665e-01
1.404822958698786206e-01
1.388333851800450935e-01
1.372232452434863914e-01
1.358903624212492722e-01
1.350609367378860504e-01
1.349094570551694627e-01
1.355215303763730172e-01
1.368668644873592966e-01
1.387887842034313812e-01
1.410181413377067927e-01
1.432126471867823381e-01
1.450120548497884077e-01
1.461026570375184297e-01
1.462693196161542475e-01
1.454284704068270762e-01
1.436413281739304104e-01
1.411078876157738915e-01
1.381413079078652184e-01
1.351232751039611601e-01
1.324514001303059851e-01
1.304856035046079443e-01
1.294963542629176678e-01
1.296267512932610944e-01
1.308784253884240634e-01
1.331129745800347375e-01
1.360735778693482334e-01
1.394271081972997817e-01
1.428174614677060750e-01
1.459142999040546063e-01
1.484531512655870022e-01
1.502575162879231097e-01
1.512348160494618732e-01
1.513652876890983490e-01
1.506831460497963515e-01
1.492561741105214168e-01
1.471694546105735135e-01
1.445227943262137049e-01
1.414266439336032688e-01
1.380054250095636703e-01
1.344202742124140093e-01
1.308720852477022745e-01
1.276063144415143236e-01
1.249097814434180220e-01
1.230914465725954504e-01
1.224534040273938668e-01
1.232481489603609870e-01
1.256324827584545667e-01
1.296220253151989521e-01
1.350538199517134774e-01
1.415643091552174215e-01
1.485899794410463215e-01
1.554046464443938624e-01
1.612002148841626958e-01
1.651935776231053532e-01
1.667461507862248726e-01
1.654832266696286969e-01
1.613739110674089483e-01
1.547539606167971371e-01
1.462881860029453529e-01
1.368806091371146672e-01
1.275498654345976757e-01
1.192959506428367400e-01
1.129841018418149268e-01
1.092558713795289127e-01
1.084687966763214773e-01
1.106772723312094836e-01
1.156418722459504472e-01
1.228560086119271089e-01
1.315973843368408447e-01
1.410010657163256187e-01
1.501481576472200319e-01
1.581716880158158534e-01
1.643502764491131252e-01
1.681809357382652026e-01
1.694146590804405383e-01
1.680669011740499041e-01
1.644015448799395207e-01
1.588823828188395682e-01
1.520989670088181700e-01
1.446744791468534963e-01
1.371988024904161330e-01
1.302022085663190332e-01
1.241345707316532376e-01
1.193707674641240335e-01
1.162130301605236449e-01
1.148832943095924736e-01
1.155083498252378882e-01
1.181104238834920495e-01
1.225693511546323278e-01
1.286102169358919189e-01
1.357771538188480842e-01
1.434344589029402928e-01
1.508121263179688920e-01
1.570925352211656745e-01
1.615304509622399742e-01
1.635742133067714099e-01
1.629615045426943132e-01
1.597691408494857634e-01
1.544058371610375346e-01
1.475685557489885835e-01
1.401389192748734303e-01
1.330530386879583693e-01
1.271635938240000818e-01
1.231210453368894592e-01
1.212968725728088698e-01
1.217565344331464211e-01
1.242811249286392417e-01
1.284140361559991672e-01
1.335296711598381036e-01
1.389178753432253888e-01
1.438765467870362080e-01
1.478059393847203085e-01
1.502889664401460268e-01
1.511362266038218383e-01
1.503934219919116078e-01
1.483161012799034117e-01
1.453142249863195457e-01
1.418802441145995130e-01
1.385136738484596952e-01
1.356461349660512683e-01
1.335869569850141603e-01
1.325052312520416387e-01
1.324207521002896126e-01
1.332254443453929349e-01
1.347259890212877675e-01
1.366902322691460059e-01
1.388844322403667286e-01
1.410965174213942852e-01
1.431505354369314309e-01
1.449040810596542994e-01
1.462348590790834846e-01
1.470247407320117716e-01
1.471565028186054835e-01
1.465280500454399781e-01
1.450849451600310647e-01
1.428626721921073817e-01
1.400192369280049698e-01
1.368387484283111744e-01
1.337001091585987844e-01
1.310190324598859424e-01
1.291755453753859750e-01
1.284476468336198385e-01
1.289613208128955191e-01
1.306722560105158526e-01
1.333825064837095842e-01
1.367762393004147981e-01
1.404702676380953086e-01
1.440655174710211150e-01
1.471977038731124288e-01
1.495778040292734534e-01
1.510086671551972015e-01
1.514047898130757019e-01
1.507981976607971897e-01
1.493217115467809775e-01
1.471735471444201859e-01
1.445859482681702557e-01
1.417793690690215547e-01
1.389386367671685829e-01
1.362150310515897744e-01
1.337334051936845403e-01
1.316081525765917526e-01
1.299490315838648380e-01
1.288657430582872687e-01
1.284720191625961239e-01
1.288733771049181687e-01
1.301321370092937135e-01
1.322316357966050460e-01
1.350512586890789124e-01
1.383509365126594504e-01
1.417889337305967001e-01
1.449749969692919749e-01
1.475328335497720633e-01
1.491695383654182694e-01
1.497294839220641161e-01
1.492173488448300389e-01
1.478018745730051431e-01
1.457799860053837215e-01
1.435201969192332061e-01
1.413877851654455897e-01
1.396789484775625978e-01
1.385664615611657546e-01
1.380613881835156265e-01
1.380122185572921212e-01
1.381437864561461948e-01
1.381259107985687296e-01
1.376607620189919390e-01
1.365711492344555966e-01
1.348663974123501808e-01
1.327556749689431104e-01
1.306342465425097410e-01
1.290090920660431628e-01
1.283944812578972361e-01
1.292083642397269805e-01
1.316808280518411423e-01
1.357909543487903214e-01
1.412337682942358397e-01
1.474311444464235510e-01
1.535895057515989370e-01
1.588034346129665875e-01
1.622273126619582784e-01
1.632321413189075643e-01
1.615195849728571775e-01
1.571790743062428108e-01
1.506747303400620963e-01
1.427552863051174126e-01
1.343331080122599497e-01
1.263591604840175464e-01
1.196948638629808659e-01
1.150177603431579154e-01
1.127654871525626407e-01
