4.119961285857443034e-02
3.797306155092772251e-02
3.632631568431177183e-02
3.638058803634625082e-02
3.802187548913260606e-02
4.093694945026615795e-02
4.467922812470859206e-02
4.875432648230704213e-02
5.270068558842955220e-02
5.615491879920730955e-02
5.888460167237030696e-02
6.078777693434056495e-02
6.185029433833755252e-02
6.211565370048055534e-02
6.165735889992784990e-02
6.057534045072210382e-02
5.899470919393512425e-02
5.705719916603713138e-02
5.489382248277430154e-02
5.260399818942618211e-02
5.025753295736579140e-02
4.792087052885507514e-02
4.570481293290129532e-02
4.379327632451979202e-02
4.242532326442138846e-02
4.184350558816840593e-02
4.222732115676153253e-02
4.363308236763274728e-02
4.594293666225723882e-02
4.886912667472398386e-02
5.199344335697020369e-02
5.483324880396001078e-02
5.698542543393947390e-02
5.822670047526012915e-02
5.852130183923143214e-02
5.798487893295067863e-02
5.687327523046925570e-02
5.553823135549962320e-02
5.417986972186927819e-02
5.286507411351204500e-02
5.165006439877184441e-02
5.061602044456026128e-02
4.985582178513048301e-02
4.946805602666937141e-02
4.956762371980050208e-02
5.019351188452347845e-02
5.124912983208051998e-02
5.250113258486654999e-02
5.365111281712864333e-02
5.441975381233543629e-02
5.461144254753425020e-02
5.424458164149104089e-02
5.346599764006654265e-02
5.249466470742847335e-02
5.157646200260668223e-02
5.090829474378633090e-02
5.058872479490372776e-02
5.063452055154382681e-02
5.096541687060873738e-02
5.141448744005894245e-02
5.180984679884170774e-02
5.207086634478041987e-02
5.223460838321258848e-02
5.240230633438236474e-02
5.273403960779488031e-02
5.342527943842079186e-02
5.457873053317130463e-02
5.611611532251270518e-02
5.777027866513140264e-02
5.916720279566578533e-02
6.000975154137655476e-02
6.023175075396314249e-02
5.990700584387476102e-02
5.919594028458008417e-02
5.828949975789265991e-02
5.735498292482243965e-02
5.650540830077299681e-02
5.576046388492916783e-02
5.503653784856643583e-02
5.426267531413941914e-02
5.337068357039664868e-02
5.233434757793076209e-02
5.124105119191713076e-02
5.027565580352799657e-02
4.970202305749205074e-02
4.975487147835899737e-02
5.056611442151992541e-02
5.213325887074038434e-02
5.435872861566315439e-02
5.713273435870735995e-02
6.012300427918548795e-02
6.299144601856432324e-02
6.549033123888248209e-02
6.743508813518894751e-02
6.863165853124564286e-02
6.888044349975663838e-02
6.807158598534701621e-02
6.624414535066081022e-02
6.353369344433512644e-02
6.016772112978174825e-02
5.649847923526629678e-02
5.297617680775956739e-02
5.002571936488320326e-02
4.798995662946858864e-02
4.707427120545759625e-02
4.732433859060314330e-02
4.862845071867205604e-02
5.071253450911750171e-02
5.322440017784468846e-02
5.587880090918462272e-02
5.848071921497033365e-02
6.091839833670398274e-02
6.312322728090535850e-02
6.501828513340113247e-02
6.649535592621780289e-02
6.743329677596310301e-02
6.776384005717306369e-02
6.754529944319387358e-02
6.695451877847324873e-02
6.619058245628950399e-02
6.533939976771263591e-02
6.436163922615467659e-02
6.314977346243988432e-02
6.155626104379519070e-02
5.948873446047997504e-02
5.702808636873824000e-02
5.441800933228235770e-02
5.203884388720170229e-02
5.036686119537081563e-02
4.981591179779809586e-02
5.060509653926159590e-02
5.273674380045090260e-02
5.600305289789031526e-02
6.001819566114363624e-02
6.418200154548414638e-02
6.785797374914948055e-02
7.059443600381354322e-02
7.213447822299634549e-02
7.240307218805830392e-02
7.148950971053225079e-02
6.965369940987753417e-02
6.731173804832113472e-02
6.485918968926185357e-02
6.255489289060744973e-02
6.055576308442900402e-02
5.894413481546101341e-02
5.779868244216967987e-02
5.719270206937410173e-02
5.719959867649770935e-02
5.790471532453489445e-02
5.923924549497372460e-02
6.092330084364672160e-02
6.266846721015717492e-02
6.424638642278435174e-02
6.547500833970398837e-02
6.630535240833412836e-02
6.678623902447622385e-02
6.696827723506570962e-02
6.689068117313823336e-02
6.659288356973391831e-02
6.611100215637755184e-02
6.546675966081794140e-02
6.466444689343231467e-02
6.375804852390143385e-02
6.294010262850413540e-02
6.236972346054459049e-02
6.211917874832961761e-02
6.224599873186154042e-02
6.275459799385274540e-02
6.360222732120845990e-02
6.463166309595969050e-02
6.562976418698496239e-02
6.653615427854564501e-02
6.732345314902010713e-02
6.796684868545699310e-02
6.847049310040131953e-02
6.882058849808447842e-02
6.893893701090147985e-02
6.873362365314983347e-02
6.818676715292426582e-02
6.729320304055619317e-02
6.598110695352932265e-02
6.426906887903083287e-02
6.241062450884615753e-02
6.078071538590001932e-02
5.969374015045114668e-02
5.935995792674819693e-02
5.981243567391270055e-02
6.096643284280012232e-02
6.264582372780769237e-02
6.462247368684337356e-02
6.674496517480854596e-02
6.901292411086334955e-02
7.127133149492548281e-02
7.345113107631473515e-02
7.554309943818182660e-02
7.735414949399521678e-02
7.855572392908827251e-02
7.878495655224238003e-02
7.774442058237596154e-02
7.535667920602162617e-02
7.177271208999680407e-02
6.738165021366093743e-02
6.280845449584460116e-02
5.879104721918071430e-02
5.595845718778980071e-02
5.465733617967605262e-02
5.488183843620131341e-02
5.644830161059166684e-02
5.905072727908144969e-02
6.221100667916812377e-02
6.548024237905636369e-02
6.858158146082959927e-02
7.121236982143686056e-02
7.326986306995242337e-02
7.479934466848447983e-02
7.585897411223418985e-02
7.656904174385681383e-02
7.709792918380065085e-02
7.748984135452641198e-02
7.764766146257251478e-02
7.731339490247168822e-02
7.630736737674459480e-02
7.456622962303560698e-02
7.210896969308300264e-02
6.913011366227761467e-02
6.600059920392209456e-02
6.309933277556167841e-02
6.079603213933049144e-02
5.940402672637667969e-02
5.911304501186542826e-02
5.989252310440706939e-02
6.152770361367476681e-02
6.382527734998444391e-02
6.657605007340516856e-02
6.955787293326343157e-02
7.257240422771460420e-02
7.538690836801020811e-02
7.775015996648149130e-02
7.940234841293103418e-02
8.008762241054812048e-02
7.965668331488429121e-02
7.811486215999341454e-02
7.566369337424294628e-02
7.269457718811478397e-02
6.960975560660598305e-02
6.682237134524104949e-02
6.478109726989966788e-02
6.372632908871800339e-02
6.366037702913995844e-02
6.442769740132203715e-02
6.574692490803502043e-02
6.732595817832620622e-02
6.889340519987463551e-02
7.023714501073841099e-02
7.131769591050474144e-02
7.219415148686103567e-02
7.289190411508894574e-02
7.343380855793402162e-02
7.383589526850442564e-02
7.408339283608478265e-02
7.415443641715713241e-02
7.405292544329256099e-02
7.379920175576504260e-02
7.343975077224718095e-02
7.305177274915020114e-02
7.270634703683542810e-02
7.244353890318211420e-02
7.227198401777690240e-02
7.221492712478905229e-02
7.233814481337286217e-02
7.274816163814756820e-02
7.342346556767831434e-02
7.416009088744768274e-02
7.474319173191379395e-02
7.504836681267390563e-02
7.500517627345504312e-02
7.459255688207899748e-02
7.390593818246349311e-02
7.314636678412433923e-02
7.253828381216620436e-02
7.224867698129211480e-02
7.230272671879756086e-02
7.256452928981105277e-02
7.283604776230578892e-02
7.294664624744884307e-02
7.279271159893141441e-02
7.234561397242000869e-02
7.169131330478106801e-02
7.104648064465701740e-02
7.064695747820692873e-02
7.067730723075793531e-02
7.124390904025956761e-02
7.239839330781205895e-02
7.412491177457203317e-02
7.626505417342266391e-02
7.853347748650429949e-02
8.055680971220868791e-02
8.190997940252209286e-02
8.232736054318634533e-02
