1.658577229980622847e-01
1.537513979296252220e-01
1.400090493325613916e-01
1.261232592358541849e-01
1.136070771105815447e-01
1.038255933189305424e-01
9.785450199664137705e-02
9.637009238148723511e-02
9.957810622537816014e-02
1.071865174732626047e-01
1.184201186396925398e-01
1.320733042151612247e-01
1.466076899080585583e-01
1.603126527451207983e-01
1.715375490298517158e-01
1.789647044647883212e-01
1.818454905932785359e-01
1.801122209692190002e-01
1.743271329336145703e-01
1.655035616660039122e-01
1.548781182521108413e-01
1.437027752938041525e-01
1.330895954387029678e-01
1.239118551218126585e-01
1.167601138542939537e-01
1.119463638186074667e-01
1.095469292629514951e-01
1.094639785565952456e-01
1.114828693582005231e-01
1.153120722242148427e-01
1.206052566809240612e-01
1.269722517452201715e-01
1.339874248160696502e-01
1.411982734519136584e-01
1.481333856079148636e-01
1.543124057463159393e-01
1.592665982076652276e-01
1.625766850021862220e-01
1.639270417772843713e-01
1.631669349708633754e-01
1.603585367400311990e-01
1.557923760692382920e-01
1.499623605559906869e-01
1.435045105689591594e-01
1.371123083537271470e-01
1.314443025128661235e-01
1.270421368801577244e-01
1.242691644952176877e-01
1.232762932140688550e-01
1.239943025671075422e-01
1.261542198737511111e-01
1.293352196568006152e-01
1.330344999561135499e-01
1.367448981279184850e-01
1.400297630147642192e-01
1.425794772457852355e-01
1.442441523534376269e-01
1.450362317375038790e-01
1.451051567535929232e-01
1.446889054596445234e-01
1.440505520308016096e-01
1.434157242778653918e-01
1.429292677670571110e-01
1.426376067596647201e-01
1.425008205116307658e-01
1.424253507527154239e-01
1.422953668984593967e-01
1.420095028411974825e-01
1.415063115428215335e-01
1.407765320660862574e-01
1.398624180631812819e-01
1.388433365054069224e-01
1.378177446429584285e-01
1.368848552246234307e-01
1.361259733366666502e-01
1.355945946629648347e-01
1.353178822803780545e-01
1.353040523245081228e-01
1.355410294352228928e-01
1.360094923726236638e-01
1.366841937250849459e-01
1.375341904514155167e-01
1.385246435714860003e-01
1.396174490482708919e-01
1.407648702594751777e-01
1.419043142938859470e-01
1.429569754607862009e-01
1.438328013662715510e-01
1.444347834169541211e-01
1.446743852193871915e-01
1.444909761287383743e-01
1.438696999689055012e-01
1.428543776705777368e-01
1.415411337270726377e-01
1.400676408747567880e-01
1.385994978628516394e-01
1.373031568161801885e-01
1.363174142312867376e-01
1.357335340117138134e-01
1.355814470536342020e-01
1.358206245076932217e-01
1.363638982868694005e-01
1.370947958117116339e-01
1.378914959091681880e-01
1.386520700284815943e-01
1.393107932874155241e-01
1.398398423068241692e-01
1.402492381573738900e-01
1.405782317570455076e-01
1.408730671341013874e-01
1.411671829803572698e-01
1.414686032017372086e-01
1.417512125253979627e-01
1.419633848283680388e-01
1.420437334828690001e-01
1.419345300968811174e-01
1.416097532863283270e-01
1.410831118403943762e-01
1.404038797538438577e-01
1.396534502919787313e-01
1.389285157355044376e-01
1.383229336631523476e-01
1.379127643520907109e-01
1.377441541792694679e-01
1.378212937587488252e-01
1.381087562125970503e-01
1.385412538811013616e-01
1.390341623732257170e-01
1.394933978710520828e-01
1.398444593244775880e-01
1.400393426168642097e-01
1.400572192051155740e-01
1.399081029911883045e-01
1.396383753290142971e-01
1.393350980953629581e-01
1.391056296488217547e-01
1.390421035208503908e-01
1.392082910620817959e-01
1.396317659393702948e-01
1.402877410192308327e-01
1.410992286011143737e-01
1.419518023933820094e-01
1.427060735372846778e-01
1.432200984607291949e-01
1.433662607766282571e-01
1.430532151657507300e-01
1.422526318270156409e-01
1.410130240143442071e-01
1.394475391269189291e-01
1.377267814359202924e-01
1.360732016989522342e-01
1.347329581585425262e-01
1.339430609696982133e-01
1.338793362441214607e-01
1.346198277831829604e-01
1.361449462253803977e-01
1.383307645355252025e-01
1.409430909343719340e-01
1.436504049408388606e-01
1.460838739691523169e-01
1.478934650327392297e-01
1.487885912414266265e-01
1.485851628215781317e-01
1.472538052145518916e-01
1.449317697396771687e-01
1.419020373108117739e-01
1.385469612802618100e-01
1.352973922621615033e-01
1.325672952572483076e-01
1.306962658699442059e-01
1.299152569264764023e-01
1.303151425905853533e-01
1.318352279936451377e-01
1.342791360917430787e-01
1.373535437054416719e-01
1.407066214480925392e-01
1.439719668329354774e-01
1.468175453498452854e-01
1.489898338536138067e-01
1.503460778275070575e-01
1.508503245175461527e-01
1.505616744895384718e-01
1.495988735857004814e-01
1.480904239793626176e-01
1.461406687324962594e-01
1.438136724172256464e-01
1.411397222906456139e-01
1.381588722750096976e-01
1.349580760223671461e-01
1.316960642692800720e-01
1.286146210920956212e-01
1.260362699813747378e-01
1.243221907425674233e-01
1.238192738723756930e-01
1.248121195531078365e-01
1.274670971094300220e-01
1.317839277857102420e-01
1.375512183131212818e-01
1.443560768193539456e-01
1.515898342300432688e-01
1.584871975670901212e-01
1.642026531790945487e-01
1.679213733607089198e-01
1.689906816516586197e-01
1.670726690599449171e-01
1.622370080037890128e-01
1.549248376609913269e-01
1.458922635448098026e-01
1.361228259414124786e-01
1.266678373125118828e-01
1.185181253793835821e-01
1.125067354107880252e-01
1.092375733511529029e-01
1.090292375923729157e-01
1.118857402289388098e-01
1.175138935256945238e-01
1.253555480433462543e-01
1.346430818397413298e-01
1.444671822793761606e-01
1.538807548351604770e-01
1.620038377562494081e-01
1.681549824285254735e-01
1.719073708499060937e-01
1.730727604470554404e-01
1.716852087755622869e-01
1.679758534353223698e-01
1.623007235448142571e-01
1.550847890825401421e-01
1.468114874813636062e-01
1.380355669152223408e-01
1.293739142314437596e-01
1.214817135628214334e-01
1.150054005420883124e-01
1.105123784622952937e-01
1.084460625274094175e-01
1.091084565620975139e-01
1.125580254454158213e-01
1.185551132639142136e-01
1.266523596009346830e-01
1.361765159065748132e-01
1.462754387776154519e-01
1.560066006876547340e-01
1.644199952246739316e-01
1.706597484152034272e-01
1.740827086563908888e-01
1.743489562547808625e-01
1.714710270811177495e-01
1.658256104735018610e-01
1.580820291507848974e-01
1.491099197488889028e-01
1.398653098815283435e-01
1.312509889419779530e-01
1.240243304754830717e-01
1.187305809933776463e-01
1.156906888008994994e-01
1.149777179669043692e-01
1.164438264335358603e-01
1.197545727962021911e-01
1.244386006820279306e-01
1.299832411288484590e-01
1.359000698611812219e-01
1.417592471977427715e-01
1.471844622735241082e-01
1.518694400086539331e-01
1.555986460180378561e-01
1.582255392439026187e-01
1.596318368589004777e-01
1.597363708879774302e-01
1.585484045816975829e-01
1.561436615783546866e-01
1.526755818837890466e-01
1.483945034600361035e-01
1.436206018125614492e-01
1.387481675788543867e-01
1.342302644512017307e-01
1.304293970002780023e-01
1.276731236050862028e-01
1.261876414478158293e-01
1.260335301145068532e-01
1.271536930510337726e-01
1.293737127969017964e-01
1.324049308324679597e-01
1.358659380301756869e-01
1.393726530188016399e-01
1.425938120394165398e-01
1.452561393224991448e-01
1.471882962253391047e-01
1.483290706896345512e-01
1.487186776327347471e-01
1.484724693811672880e-01
1.477537695543884311e-01
1.467373757924891053e-01
1.455517404215174171e-01
1.442775952983245957e-01
1.429920814015442909e-01
1.417493644938199737e-01
1.405950334060243612e-01
1.395724801728580600e-01
1.387357873507037431e-01
1.381366210408315198e-01
