4.442388018252896477e-06
3.013335276534077645e-06
1.423335359089290863e-06
2.042829910963099728e-07
1.839989491446058833e-06
3.555794264334408881e-06
5.516354313641618142e-06
7.959230078394083786e-06
1.117052048627181712e-05
1.546271308754627180e-05
2.116193560294000071e-05
2.861060446938977676e-05
3.818711741247495076e-05
5.033663115862489675e-05
6.559818785794094536e-05
8.461305960499748984e-05
1.080956382275611606e-04
1.367783873781654581e-04
1.713369040345948384e-04
2.123131210134093067e-04
2.600459802873247113e-04
3.145993734561185564e-04
3.756773516558054829e-04
4.425206632355452177e-04
5.137564144122844147e-04
5.872673070352103395e-04
6.600404241542187763e-04
7.280994587574992835e-04
7.865224658989999375e-04
8.295937535201237901e-04
8.510788420722047295e-04
8.447651068422138212e-04
8.052688850816900560e-04
7.287080386669513715e-04
6.137212775178050835e-04
4.622754622406161735e-04
2.803474540926373707e-04
7.832772459420933803e-05
1.288483643994288008e-04
3.226784888716815970e-04
4.827424503821746773e-04
5.879578284941800077e-04
6.179446878099473890e-04
5.549249843724787540e-04
3.875575827028344598e-04
1.134768948502945811e-04
2.604212504636449878e-04
7.154249577250702428e-04
1.221603887794588854e-03
1.741463185028564254e-03
2.230560181841624145e-03
2.645615305128445113e-03
2.936573973552778372e-03
3.066326722108479209e-03
3.007374301975392333e-03
2.748186038387690280e-03
2.293618039562702812e-03
1.668403611774417743e-03
9.164741425071920491e-04
9.680655277223172294e-05
7.213231534370645459e-04
1.464713465460569910e-03
2.063775775824074152e-03
2.459004004778620953e-03
2.606618381733702590e-03
2.481850446845606812e-03
2.081879151865323723e-03
1.429171098682898789e-03
5.687529853277195407e-04
4.378562332412558214e-04
1.518943752712227212e-03
2.596637351798340623e-03
3.596542341307909334e-03
4.445330426927938255e-03
5.077235870770370127e-03
5.439712396486700435e-03
5.498686776525455074e-03
5.237147896599215167e-03
4.656853929010947891e-03
3.782641155983856255e-03
2.658027379379319932e-03
1.345673620746099843e-03
7.258524730959706043e-05
1.498034043966563981e-03
2.810989377653430078e-03
3.907267299217599341e-03
4.676278131098622268e-03
5.024126759855070644e-03
4.885526824591474374e-03
4.231629156073649436e-03
3.078923637873329580e-03
1.490653844194206063e-03
4.222895123192094168e-04
2.508758387991882801e-03
4.590965110317935145e-03
6.480219184018462530e-03
7.996881452848539004e-03
8.987625253352376359e-03
9.342710837588186906e-03
9.009298940826469468e-03
8.000209287377425121e-03
6.393698716610205814e-03
4.324814414505434926e-03
1.972300586911958885e-03
4.564050124869479500e-04
2.745775848889343146e-03
4.691371079249513805e-03
6.120044317524927190e-03
6.909088117449339178e-03
6.995870742747454206e-03
6.376898517164122926e-03
5.103692043676382774e-03
3.286968957147688719e-03
1.083928216868806178e-03
1.319734066963599954e-03
3.727074149900969167e-03
5.944009055414012019e-03
7.796177204790104634e-03
9.140521872986149057e-03
9.875571510315565502e-03
9.949622175648129702e-03
9.362498103828475679e-03
8.166109310421314910e-03
6.460360513239162168e-03
4.389141526782222927e-03
2.123790371971898995e-03
1.572743527360090203e-04
2.272150107683176302e-03
4.036190316358539455e-03
5.298118910609753499e-03
5.949547340366212120e-03
5.938200784192224427e-03
5.272138878069675995e-03
4.018477998893805678e-03
2.297800844082785020e-03
2.714662688312857296e-04
1.874861856311232228e-03
3.947210661292227182e-03
5.767477403527874330e-03
7.186169220680126146e-03
8.097556385466763221e-03
8.449864178990355162e-03
8.249335885776806071e-03
7.555869501788038851e-03
6.462718659349015599e-03
5.089301114334993797e-03
3.575592604102402049e-03
2.056890416598857428e-03
6.528989330984454704e-04
5.260036328792653095e-04
1.405266244396738808e-03
1.947144823448578466e-03
2.142169110131656156e-03
2.007152902844003880e-03
1.583493546353408098e-03
9.330957234159005303e-04
1.339704188862166133e-04
7.408475111414929452e-04
1.624304921406399772e-03
2.454188050628672638e-03
3.177843790769439153e-03
3.756705071202492627e-03
4.170173379513117222e-03
4.412648723229883885e-03
4.492367156416489718e-03
4.431340731345419746e-03
4.259138161944018945e-03
4.012972737518280889e-03
3.722660426977018877e-03
3.411421305238377093e-03
3.101896234569550669e-03
2.812758301744966525e-03
2.550848869228012575e-03
2.311961314709236066e-03
2.088292374372324213e-03
1.867514578602875270e-03
1.643511985461912437e-03
1.417121196212500593e-03
1.192913059984507468e-03
9.882677170324543833e-04
8.261074159773788145e-04
7.351635537937839917e-04
7.356612383931123008e-04
8.478560454107173091e-04
1.087349641979340172e-03
1.454051065922328185e-03
1.936209044940482042e-03
2.505062012814672674e-03
3.117448192753148172e-03
3.728526949975741970e-03
4.287478028622058665e-03
4.741163435581416917e-03
5.045024772810081937e-03
5.170202101084959458e-03
5.103545808930855590e-03
4.847606142962403164e-03
4.416314929271208771e-03
3.838887471861870352e-03
3.156890102783010705e-03
2.427138252906715227e-03
1.713280638372560076e-03
1.072194452511970658e-03
5.550310770058257534e-04
2.095758213331907344e-04
6.865262797635463877e-05
1.519223401157808624e-04
4.583736318141013464e-04
9.565339870341212905e-04
1.596624196385676431e-03
2.334275414982617085e-03
3.110658244258033157e-03
3.854225450673457506e-03
4.499411182107975436e-03
4.984391562290842702e-03
5.263067031224980680e-03
5.318821390937944829e-03
5.152122228179911029e-03
4.780888951985622776e-03
4.259933304347245792e-03
3.656648103800680914e-03
3.034805914797090304e-03
2.458780980758747039e-03
1.982275548849771977e-03
1.645116538109261430e-03
1.462155997012858696e-03
1.429747511539799978e-03
1.530121198872066773e-03
1.728089134614700607e-03
1.984094946704934113e-03
2.255615329117452786e-03
2.511718695649953464e-03
2.740816229872073285e-03
2.912018241996027108e-03
3.029048520821807020e-03
3.109634554868029137e-03
3.176339899272320050e-03
3.250450511910604398e-03
3.347217119846011574e-03
3.470962915739405925e-03
3.615647477063454757e-03
3.764389827948823146e-03
3.894515420018888462e-03
3.977345612043677210e-03
3.980053160142437395e-03
3.880248632332387176e-03
3.679127803516398735e-03
3.385769353463585069e-03
3.024535497604617738e-03
2.629534918553693822e-03
2.250279967600458519e-03
1.932583044620764853e-03
1.707248527164060203e-03
1.601886498360992729e-03
1.642173098989157393e-03
1.836100110281970637e-03
2.161407041958174520e-03
2.575922916761875636e-03
3.033031126524619175e-03
3.488399745188278372e-03
3.904571159787167348e-03
4.246954318383436636e-03
4.475959389054198420e-03
4.567248289354013287e-03
4.514246895871963823e-03
4.318659803021595266e-03
3.991965325290269644e-03
3.562680478893099582e-03
3.079251673274744413e-03
2.590699699302395197e-03
2.132863752538329428e-03
1.752198660326373392e-03
1.487736111651858902e-03
1.368794853608560139e-03
1.407464490708768522e-03
1.610035291452135541e-03
1.963400803928039718e-03
2.445398928959297176e-03
3.031179543880823789e-03
3.681369254130073630e-03
4.336954893530513104e-03
4.940555772211726107e-03
5.433321093313341066e-03
5.760237325390678460e-03
5.883072533603052844e-03
5.775560969869999312e-03
5.425827743155806245e-03
4.840701531669829895e-03
4.044065430466362542e-03
3.086664120235465929e-03
2.060969915195497680e-03
1.062545500913940778e-03
1.951013058810787543e-04
4.392123455824339484e-04
7.621363363002910639e-04
7.239341047090375268e-04
2.967530452268143958e-04
5.089687107920252236e-04
1.633198888508538863e-03
2.991430076107922699e-03
4.456778658951978701e-03
