1.530028895036101844e-01
1.430221095459142111e-01
1.322833807030396880e-01
1.219538859640770800e-01
1.132131507449724017e-01
1.071073465053766771e-01
1.044153784671675300e-01
1.055377012864466835e-01
1.104380340197280708e-01
1.186433247045343142e-01
1.292822914801826650e-01
1.411999589248309483e-01
1.530639702829464932e-01
1.635190631693272945e-01
1.713666912898189620e-01
1.757306924098036571e-01
1.762042331247523075e-01
1.729032510413607282e-01
1.664123002233719451e-01
1.576439115628340826e-01
1.476816879420013162e-01
1.376257804379814598e-01
1.284640462936322836e-01
1.209623863067881278e-01
1.156115239380874904e-01
1.126255469330048609e-01
1.119655924548449422e-01
1.134110208890219962e-01
1.166333592319341861e-01
1.212492216870286743e-01
1.268546497359284153e-01
1.330442360899620757e-01
1.394113190938128799e-01
1.455530470907013818e-01
1.510784531220233928e-01
1.556109081966444707e-01
1.588068756228081524e-01
1.603893142714688524e-01
1.601936735508564524e-01
1.582159708503944051e-01
1.546446360173561185e-01
1.498500587345104051e-01
1.443438210209841976e-01
1.387114186254798653e-01
1.335361302576032472e-01
1.293323459077374560e-01
1.264948644386055809e-01
1.252655837055215438e-01
1.257162322276802469e-01
1.277361491903993285e-01
1.310351595170214933e-01
1.351641768468551108e-01
1.395672945900674478e-01
1.436569828811343763e-01
1.469013841347108773e-01
1.489070538147577727e-01
1.494754731851442031e-01
1.486227616963277098e-01
1.465617348200310976e-01
1.436548436686791996e-01
1.403510398105878298e-01
1.371173757916639424e-01
1.343775420371922102e-01
1.324647157546741116e-01
1.315926876963744441e-01
1.318403101769933805e-01
1.331391440149178873e-01
1.352935509386127277e-01
1.380174566514079659e-01
1.409829867358642908e-01
1.438684688217738428e-01
1.463927996093050687e-01
1.483344947502629463e-01
1.495358068435117538e-01
1.498996275267328038e-01
1.493882181816929000e-01
1.480375451928929165e-01
1.459585447742622888e-01
1.433348215195221487e-01
1.404072049147570000e-01
1.374400872722683076e-01
1.346863850142053787e-01
1.323588392143468795e-01
1.306088611304929703e-01
1.295149758775279158e-01
1.290849686141558594e-01
1.292672092782490845e-01
1.299734203390657816e-01
1.311137796351371509e-01
1.326310630063937124e-01
1.345125936924076449e-01
1.367809638891970270e-01
1.394703266072754300e-01
1.425909630168821218e-01
1.460948184346831935e-01
1.498426145645895824e-01
1.535829130027411837e-01
1.569467828236785767e-01
1.594695072148788473e-01
1.606581863976398461e-01
1.600783171633883839e-01
1.574544176023791042e-01
1.527419370641073249e-01
1.461709735277951783e-01
1.382555700254546327e-01
1.297570793284751334e-01
1.215915060586348906e-01
1.147160407213274613e-01
1.099896453631327153e-01
1.080437792060211510e-01
1.092005451217064049e-01
1.134385851869225137e-01
1.203941975500891770e-01
1.293964841567102342e-01
1.395329858318800076e-01
1.497569612763900437e-01
1.590213228409064206e-01
1.664053712893501791e-01
1.712289325879905455e-01
1.731058186552953959e-01
1.719595559299671450e-01
1.680193128211734388e-01
1.617841124527467089e-01
1.539455399137394931e-01
1.452724791525155101e-01
1.365113262285602147e-01
1.283182595295522255e-01
1.212199388480119655e-01
1.155815025089067527e-01
1.116622516213120475e-01
1.096464469425997290e-01
1.096553926468680773e-01
1.117522704404677603e-01
1.159189302818635081e-01
1.220239740934304651e-01
1.297697360989163995e-01
1.386479811821834662e-01
1.479536553989317937e-01
1.568619710396514932e-01
1.645350657090272062e-01
1.702398772327677889e-01
1.734385434824173844e-01
1.738248329833412820e-01
1.713352898581946837e-01
1.661410393580277089e-01
1.586571785748781549e-01
1.495360484164242054e-01
1.396176408483426057e-01
1.298534919675254917e-01
1.212084389288432540e-01
1.145504335546775332e-01
1.105235885372303217e-01
1.094539165217806032e-01
1.113075027252096172e-01
1.157143422121875709e-01
1.220653237899258503e-01
1.296238551002795170e-01
1.376153404664003377e-01
1.452766549285267050e-01
1.519226932846594602e-01
1.569939475044531685e-01
1.601169350380652334e-01
1.611347039890961286e-01
1.601109915586447219e-01
1.573203486561896014e-01
1.531944030583695104e-01
1.482465317227478208e-01
1.430341739007571222e-01
1.380950174018045207e-01
1.338997957708629727e-01
1.308214175398418888e-01
1.291011455340607128e-01
1.288041556131515053e-01
1.298168271910354887e-01
1.318909037046637200e-01
1.346770734873768971e-01
1.377577118576300830e-01
1.407253224312283724e-01
1.432255652585737726e-01
1.449999622120859977e-01
1.459153359309491860e-01
1.459679915386503657e-01
1.452660338508108273e-01
1.439976870474384274e-01
1.423666393958202825e-01
1.405712276202594202e-01
1.388050969820071590e-01
1.372279509423931509e-01
1.359847300318474117e-01
1.351879999740479565e-01
1.348955156402641409e-01
1.351243395834028638e-01
1.358607367134493371e-01
1.370688848445356101e-01
1.387213930505647452e-01
1.408081770558210488e-01
1.432732401163298031e-01
1.459861531089947650e-01
1.487496014470393035e-01
1.512577487838213663e-01
1.531216191952279315e-01
1.539451706223708971e-01
1.534249282036624917e-01
1.514063159755637544e-01
1.479243842404734943e-01
1.432391827392610617e-01
1.377786594619477833e-01
1.321097342850695577e-01
1.268862423700187758e-01
1.227399296364127812e-01
1.202156568915238033e-01
1.197154658758431411e-01
1.214232168094935282e-01
1.252736365670389374e-01
1.309289511430250519e-01
1.378197094808661927e-01
1.452266273176406886e-01
1.523490063998017563e-01
1.584063908348668503e-01
1.627626062208665791e-01
1.650004127405200194e-01
1.649721953606496649e-01
1.628135613310849328e-01
1.588942296162081380e-01
1.537445456574187963e-01
1.479471535044041275e-01
1.420520800260468564e-01
1.364942005463565255e-01
1.315507225094939558e-01
1.273877108540852898e-01
1.241055957830183853e-01
1.217708684508328476e-01
1.204503253241792082e-01
1.202326340177075625e-01
1.212351813188290439e-01
1.235751379525529270e-01
1.272926170892828557e-01
1.322926789090520527e-01
1.383502267046274881e-01
1.450803429487083074e-01
1.519551922456908732e-01
1.583516141980385594e-01
1.636034827120117496e-01
1.671088365819021204e-01
1.684104425819659134e-01
1.672587439409302101e-01
1.636786696481389303e-01
1.579532181091100052e-01
1.505765314079708928e-01
1.422144009424523015e-01
1.336365869337080570e-01
1.256373148264957607e-01
1.189783236408235023e-01
1.143144760732942578e-01
1.121458878067975728e-01
1.127172983390983818e-01
1.159570851424668314e-01
1.214759463910882742e-01
1.286156082558902458e-01
1.365471630179400098e-01
1.444094321394754354e-01
1.514559116502443015e-01
1.571148061286226083e-01
1.610225108074508915e-01
1.630311675830520279e-01
1.631937500629199178e-01
1.616525115432708715e-01
1.586188163480413138e-01
1.543997300307639042e-01
1.493561343678063702e-01
1.438802940871335423e-01
1.384034391248971652e-01
1.333422484123129026e-01
1.290989654492766814e-01
1.260280608774823063e-01
1.243608421110689033e-01
1.242237511989195964e-01
1.255931553269443723e-01
1.282918257021986586e-01
1.320182917647532150e-01
1.363580677966996779e-01
1.408242883645517418e-01
1.449236897837770099e-01
1.482661669376602598e-01
1.506006952232803453e-01
1.518199841778333781e-01
1.519513307806695801e-01
1.511239723634294485e-01
1.495140357912565499e-01
1.472968511510637235e-01
1.446347671626373455e-01
1.416677014411660274e-01
1.385225794191267124e-01
1.354089166477235873e-01
1.326344436334963017e-01
1.305634401872844963e-01
1.295298511066997893e-01
1.297702296792977439e-01
1.313738556179324668e-01
1.342322519199762310e-01
