2.024878397818810529e-04
5.961736425196169104e-04
1.884682361238589760e-03
3.933858336325328844e-03
6.540477650285434277e-03
9.455405342052487089e-03
1.240897650720969476e-02
1.513681984082949732e-02
1.740490359270104037e-02
1.903148436000191498e-02
1.990252722655075010e-02
1.997801821016966656e-02
1.928927743113095436e-02
1.792995298643003388e-02
1.604368278230124817e-02
1.380995752644016868e-02
1.142814224599644768e-02
9.099677264244751540e-03
7.010203963292363852e-03
5.314082485855603499e-03
4.123526908342670799e-03
3.503193971420402817e-03
3.469326730147385702e-03
3.992264314847589549e-03
5.001535588642427865e-03
6.392973895850331996e-03
8.038783776713177148e-03
9.798305314697755911e-03
1.152962343203591845e-02
1.310056190725893827e-02
1.439875397149066247e-02
1.533833126184580391e-02
1.586828204400510950e-02
1.597328142893906372e-02
1.567275420080957785e-02
1.501712735701075246e-02
1.408158321074188569e-02
1.295846658184735857e-02
1.174881621588175218e-02
1.055531688590020944e-02
9.472605422184315546e-03
8.576032803713874025e-03
7.916267318813542675e-03
7.519221284804385348e-03
7.383455228200694158e-03
7.485666515197123873e-03
7.789459250570710327e-03
8.245929999779659167e-03
8.797089176179041098e-03
9.392186599225735288e-03
9.990919332656028606e-03
1.055199448903236352e-02
1.106557228804608620e-02
1.151979813050692421e-02
1.190624914437457375e-02
1.222243645423485951e-02
1.246184957696934610e-02
1.261636385910348476e-02
1.267532347896813127e-02
1.262820137243193461e-02
1.247047835034399352e-02
1.220560435769389718e-02
1.184725839277665956e-02
1.141990881793130894e-02
1.095671436070174559e-02
1.049541801741813406e-02
1.007059407852674456e-02
9.707574672039476216e-03
9.421335232140328961e-03
9.217453146535714570e-03
9.096322711192138602e-03
9.061468023930192503e-03
9.117298308511960145e-03
9.270293263564675923e-03
9.521880185873977595e-03
9.863066416697447575e-03
1.027194581121103518e-02
1.071768765392373118e-02
1.116058221066159803e-02
1.156013659961700399e-02
1.188569988226784863e-02
1.211836522060099133e-02
1.224995451562952038e-02
1.227961782699924474e-02
1.221445764940034227e-02
1.207257105084508751e-02
1.185735667417694809e-02
1.158260683278460046e-02
1.126611596065664293e-02
1.093151455758688273e-02
1.060647589468651474e-02
1.031777015368715196e-02
1.008589163362559257e-02
9.923784012580875308e-03
9.830500098080273766e-03
9.796454261376064468e-03
9.814073409459361796e-03
9.881415930766140540e-03
1.000159779014206732e-02
1.017771541973479070e-02
1.040387892755379080e-02
1.066334362573909122e-02
1.092828896145246580e-02
1.116249866899205259e-02
1.133859203794197225e-02
1.145195547282565687e-02
1.151475187595912136e-02
1.154716144117387891e-02
1.156665779977121382e-02
1.157757257148806299e-02
1.157211862133061646e-02
1.153697408979004885e-02
1.145805139969584968e-02
1.132852155484022870e-02
1.115587102628743006e-02
1.096003991737989555e-02
1.076350378995222581e-02
1.059339010436863640e-02
1.046924049933369884e-02
1.039169399195886967e-02
1.035319979279777231e-02
1.034500624787535253e-02
1.036009178679282716e-02
1.039210295947814132e-02
1.043700188498877628e-02
1.049972041545951459e-02
1.059478839975014873e-02
1.072750750697540507e-02
1.089633307241268459e-02
1.109838249942004390e-02
1.131548116634942779e-02
1.152259504701465265e-02
1.169801413788025719e-02
1.182052259711432497e-02
1.187123145602028348e-02
1.183651798256252392e-02
1.171169340167353169e-02
1.149974589773014935e-02
1.121901138043855141e-02
1.089778526024796565e-02
1.056513976553770384e-02
1.025374286907375539e-02
9.998572972525193031e-03
9.832257454481648992e-03
9.783234394837116155e-03
9.875767651064015773e-03
1.012727119531676122e-02
1.053263244286503642e-02
1.104599435854983387e-02
1.161253357205913397e-02
1.216292856005358504e-02
1.262567068360292456e-02
1.293659338343814379e-02
1.304961673820392506e-02
1.295140212828382355e-02
1.265477840082132946e-02
1.218648543666230044e-02
1.158209356952334332e-02
1.089263891924340498e-02
1.017945820259714453e-02
9.513621349149927603e-03
8.972615838624530687e-03
8.619935349157439516e-03
8.505452529096652059e-03
8.657738248648251186e-03
9.080405157382181666e-03
9.745833754930700171e-03
1.059802551368868410e-02
1.155876023947770281e-02
1.253570293303102670e-02
1.343145908019913529e-02
1.416192450616000388e-02
1.466023279647628470e-02
1.487798675895861920e-02
1.479857869466456519e-02
1.443569659694618652e-02
1.381897930871073092e-02
1.299418087168912640e-02
1.201657607555468854e-02
1.094339184224325280e-02
9.833421967662223095e-03
8.756626338374890600e-03
7.804576156787527974e-03
7.076565160328944504e-03
6.665433336378420032e-03
6.648681166435427975e-03
7.065946037028174830e-03
7.909940638609374436e-03
9.127915667049409099e-03
1.062177560773767265e-02
1.226859226408214161e-02
1.393695585243367140e-02
1.548863233402464346e-02
1.679538310951852673e-02
1.773458929508605481e-02
1.819308393056610906e-02
1.809135499887608994e-02
1.740333869386177443e-02
1.616622704894989104e-02
1.447093645535803275e-02
1.246250992719595031e-02
1.032827170353850174e-02
8.265279070107288406e-03
6.464216859230961613e-03
5.093887805137356159e-03
4.277760220531738079e-03
4.090568887853491403e-03
4.545458306054061919e-03
5.607446000845385699e-03
7.205514920823485707e-03
9.202155538017869896e-03
1.142985280089303321e-02
1.370792862466313836e-02
1.585356072434615862e-02
1.769459931598465693e-02
1.908441790554403494e-02
1.990717428821303994e-02
2.009411179312123666e-02
1.962564595909178228e-02
1.852084900935029033e-02
1.685051686655406750e-02
1.474808170873539818e-02
1.240112452867675637e-02
1.001812770589755389e-02
7.805115813703387279e-03
5.951401565246559888e-03
4.613844944431360999e-03
3.892840763489134603e-03
3.822344778734385225e-03
4.384162325163048872e-03
5.519147009354567757e-03
7.149789166872457837e-03
9.187201097064905467e-03
1.148139897946509613e-02
1.384977714074629718e-02
1.609079636537763536e-02
1.799829608022168390e-02
1.939151905321981340e-02
2.013865106044081602e-02
2.017092305206461683e-02
1.950890152912308079e-02
1.826469543903965279e-02
1.659675698578282066e-02
1.467976401677614784e-02
1.268424057356309052e-02
1.076924055693076476e-02
9.074434160428196047e-03
7.694721143643652381e-03
6.691742733882988757e-03
6.112524443603493604e-03
5.998974601768322472e-03
6.367056436825019143e-03
7.192515922929051779e-03
8.417982072107752997e-03
9.950446256439968162e-03
1.164602092093649718e-02
1.334758746250814566e-02
1.490100568253815982e-02
1.617099535430337881e-02
1.707609429904387299e-02
1.758376293935113785e-02
1.769618893793228551e-02
1.744861705131325880e-02
1.690601833209486385e-02
1.613397493525860552e-02
1.519410507160377094e-02
1.415078766799808194e-02
1.305985693768655156e-02
1.198085072375637203e-02
1.100049324544146237e-02
1.019899529578951851e-02
9.632335797856099446e-03
9.342428732945638054e-03
9.342032477513450769e-03
9.607966571948529239e-03
1.008802693031794762e-02
1.071598043486096143e-02
1.142121618623084811e-02
1.213872427395161838e-02
1.284239000698357384e-02
1.347209001169803744e-02
1.400500528856149680e-02
1.443791954717151167e-02
1.477192563739247733e-02
1.500700436681448938e-02
1.513657266006992498e-02
1.515600634589936782e-02
1.506464791971742594e-02
1.487801726401708803e-02
1.462147177734954978e-02
1.431884524461619554e-02
1.398811196640362131e-02
1.364602203926745978e-02
1.331310672466321995e-02
1.300593359962359287e-02
1.274229086290080623e-02
1.250057083284536637e-02
1.224976278274571631e-02
1.197869365565818779e-02
1.170450404682484707e-02
