1.371729232379975748e-04
1.137334821219455872e-04
1.137295089276709967e-04
1.345909871470425451e-04
1.730187569013570638e-04
2.264907324173931274e-04
2.939602727780450632e-04
3.758531430858990264e-04
4.736485752040314485e-04
5.893817824855248754e-04
7.253140036688546233e-04
8.838176224614869344e-04
1.067312416451168420e-03
1.277969065223643653e-03
1.516937345580709551e-03
1.783054428749564777e-03
2.071269024678471654e-03
2.371253094672195246e-03
2.666769470027129021e-03
2.936291305506173038e-03
3.155183375840242381e-03
3.299452187354104914e-03
3.350762765694037006e-03
3.301981243133556964e-03
3.162134426964097363e-03
2.959461231288030864e-03
2.741344199661784661e-03
2.570339169453737110e-03
2.516361814543808216e-03
2.645609398711010109e-03
3.007668605676438924e-03
3.623032624529210453e-03
4.472826984890821735e-03
5.493328332600828402e-03
6.577405342689216991e-03
7.583960031410799142e-03
8.355007448157404648e-03
8.738539993371931616e-03
8.613927567523327333e-03
7.916153057454180728e-03
6.654962395426422886e-03
4.925776096084148216e-03
2.909019306495047325e-03
8.565440632601341005e-04
9.344586530831608916e-04
2.157911528543126137e-03
2.541542548148084148e-03
1.890449597991883651e-03
1.258246587097578480e-04
2.687778771628902743e-03
6.332989072210553315e-03
1.045157140716240080e-02
1.457941308294698722e-02
1.820153447773785113e-02
2.082055092247102682e-02
2.202902103530868932e-02
2.157457660237875260e-02
1.940731365258992203e-02
1.570100371070277945e-02
1.084300596849877875e-02
5.390868012105106896e-03
4.164590204102243173e-06
4.642613247165936451e-03
7.953162105282548036e-03
9.492496179558617547e-03
9.045461642553181969e-03
6.641876403460192889e-03
2.546818800684738735e-03
2.780110034025430176e-03
8.749994670182711931e-03
1.472196643587179304e-02
2.008534642603271997e-02
2.433438459725124209e-02
2.711994275475236929e-02
2.826939567626908859e-02
2.777524668599980207e-02
2.576477737258384831e-02
2.246647096596969539e-02
1.817899478141462438e-02
1.324408363111119306e-02
8.021633723657044246e-03
2.871565651574057697e-03
1.852031696740942361e-03
5.797115821291691160e-03
8.610262623891693987e-03
9.955206344908729479e-03
9.555192275917660794e-03
7.246530028127506559e-03
3.029364010393635707e-03
2.900307609376380925e-03
1.013909867192896476e-02
1.808516865792033496e-02
2.597225293965274573e-02
3.293995893254898777e-02
3.814353749601691324e-02
4.088120514542124134e-02
4.071066302398407277e-02
3.752523157412030602e-02
3.158209920969804602e-02
2.348549363248828709e-02
1.412832743689388174e-02
4.593004040920584986e-03
3.984355383925570343e-03
1.057221203162056651e-02
1.439049972722779985e-02
1.501526852279881120e-02
1.242637966249939170e-02
6.993081557573012016e-03
5.883990393970083086e-04
9.393205730327211858e-03
1.839275001474662344e-02
2.658907150486284135e-02
3.314706223554603204e-02
3.749031973103242321e-02
3.934953105696670228e-02
3.875951274704689947e-02
3.601350996451794378e-02
3.159205328833568360e-02
2.608276477003544647e-02
2.009641677495034237e-02
1.420533247055543770e-02
8.902000477553394589e-03
4.574241764639720188e-03
1.496362293891955256e-03
1.677643640428238419e-04
3.549567114045421219e-04
9.055229308987790358e-04
3.501590773109313718e-03
7.238396220508280278e-03
1.182523296140879782e-02
1.688307848800783481e-02
2.196210028133086661e-02
2.657634118278875621e-02
3.025774606683788101e-02
3.261653693901185591e-02
3.339743597874503256e-02
3.252389350328113715e-02
3.012151024179358233e-02
2.650867252736912108e-02
2.215882096239081209e-02
1.763429323096045095e-02
1.350625205139787365e-02
1.027231525911952680e-02
8.288714904818634058e-03
7.727620946993925266e-03
8.562795660313511983e-03
1.058808274342799317e-02
1.346278093408478059e-02
1.677041648532605692e-02
2.008243077044724254e-02
2.301771758158283054e-02
2.528710873527885081e-02
2.672166774496578801e-02
2.728315216371893573e-02
2.705252345507406023e-02
2.619951122024098342e-02
2.494236581853579229e-02
2.350579200805543237e-02
2.208931368930942482e-02
2.085087435517405524e-02
1.990153247687874091e-02
1.930574247484465045e-02
1.908357828634080558e-02
1.921933208212999941e-02
1.966652141812362878e-02
2.035819479115801717e-02
2.121381190931486208e-02
2.213804748555032315e-02
2.302215120527573849e-02
2.375510428237285684e-02
2.423577791231341927e-02
2.439580886984901026e-02
2.422009091166912528e-02
2.375941446103335686e-02
2.313035244552657035e-02
2.249920585919876204e-02
2.206147940270283131e-02
2.200636895418951397e-02
2.247142675219018088e-02
2.349945360623838936e-02
2.501074983760849177e-02
2.679951209847497920e-02
2.855939101002658367e-02
2.993571390596577730e-02
3.059251323628147876e-02
3.028192483862237813e-02
2.890345581773601930e-02
2.654340717282849260e-02
2.347678533481383292e-02
2.014532507943554707e-02
1.709623422189507011e-02
1.489169384979136153e-02
1.401054630496373354e-02
1.475891850780092565e-02
1.720610035019963166e-02
2.116377071313385247e-02
2.619715166596419884e-02
3.167975346091627536e-02
3.688359082565561414e-02
4.108883377439104256e-02
4.369636305273359028e-02
4.431862564224916395e-02
4.283584685753975829e-02
3.940919921190569331e-02
3.444785006051173659e-02
2.854761274098021120e-02
2.240767722207719428e-02
1.673879841113449021e-02
1.217497473219371872e-02
9.196927172042929088e-03
8.083542351840640808e-03
8.898201472040168786e-03
1.151063335879441187e-02
1.563747730060812205e-02
2.088672197739378095e-02
2.680212134886271469e-02
3.290567367707802893e-02
3.873838510819816588e-02
4.388870310888626225e-02
4.800752006267881150e-02
5.081318269538962623e-02
5.209005098845884141e-02
5.169737939467551613e-02
4.958753663548321616e-02
4.582439608777263279e-02
4.059879968396725575e-02
3.423553873067782666e-02
2.718656824671011191e-02
2.001695981584635659e-02
1.337640960564782759e-02
7.946068537316925903e-03
4.353434028313910888e-03
3.092710299664968871e-03
4.449334911398095116e-03
8.444128800886846822e-03
1.481647732974910453e-02
2.303311196758663429e-02
3.232977761064866062e-02
4.178526926208485370e-02
5.042880675500902715e-02
5.735971781378115808e-02
6.185885873974488608e-02
6.347195247193478107e-02
6.205245755031549987e-02
5.777273206191374522e-02
5.110580541716717301e-02
4.276772069369979418e-02
3.363932547347781715e-02
2.466427845011856176e-02
1.673534822695340457e-02
1.059676128691918948e-02
6.774896989153794333e-03
5.537081468484215084e-03
6.885505676132264857e-03
1.057183222218231571e-02
1.614687044192213150e-02
2.302006149385948941e-02
3.053688336258998312e-02
3.805493095050566099e-02
4.499451239552895027e-02
5.087644731398999892e-02
5.534168700750215220e-02
5.815183730435313780e-02
5.918530497920398287e-02
5.843454651959872209e-02
5.599878071404517516e-02
5.206902412055643831e-02
4.692509452694657718e-02
4.093125222689825843e-02
3.452381839127319219e-02
2.820120310598812560e-02
2.249787554024698655e-02
1.793641512150547998e-02
1.497450849601429136e-02
1.395487941506326490e-02
1.505454343026845117e-02
1.824834662563337359e-02
2.328979410776701314e-02
2.972053630115568945e-02
3.690626377796174529e-02
4.410410425624620989e-02
5.054690080027508803e-02
5.554323714520127686e-02
5.857501815873928513e-02
5.936670842034856566e-02
5.791776754178171865e-02
5.449617910050587322e-02
4.959870340882800016e-02
4.387814427645992527e-02
3.804919860138488569e-02
3.279688293200273136e-02
2.869059009205846347e-02
2.612122175779057337e-02
2.526286224255426538e-02
2.606884913926236363e-02
2.829872634112940225e-02
3.156781390637761892e-02
3.540425039991874911e-02
3.930807973485794110e-02
4.281845441304367450e-02
