3.941136814591406079e-04
1.186580591542640839e-03
3.761261071970611880e-03
7.839435492241308978e-03
1.300324123223828288e-02
1.874802450366963580e-02
2.453935300680654130e-02
2.986510630668892663e-02
3.428252451145541446e-02
3.745512480896695529e-02
3.917894497941976084e-02
3.938622600692998077e-02
3.813414928494396339e-02
3.559137328069739148e-02
3.201737299275164705e-02
2.774323956092916710e-02
2.314400754624390544e-02
1.860599953601083101e-02
1.449672464980988895e-02
1.113417833930729905e-02
8.758003249852874816e-03
7.512584061485805265e-03
7.440114823356935858e-03
8.481200933024735100e-03
1.048517163492190818e-02
1.322845774520797768e-02
1.643708241527752634e-02
1.981236867526092738e-02
2.305961094052710880e-02
2.591163818733199786e-02
2.815665781623488684e-02
2.964517392232268733e-02
3.032885502122695254e-02
3.023584049671312890e-02
2.946398262594829287e-02
2.816055231451930485e-02
2.649259741311738026e-02
2.461523658353448329e-02
2.265612798588745314e-02
2.072264803214063367e-02
1.892568655604731642e-02
1.740935069967630699e-02
1.634375201814319833e-02
1.589380466995471419e-02
1.615472194790534832e-02
1.710245979122348992e-02
1.855655960492930134e-02
2.019577819566986676e-02
2.164147931924964574e-02
2.258863624003604187e-02
2.290830545851385569e-02
2.267325139706144466e-02
2.210926979028815520e-02
2.146779615006411124e-02
2.093838639930534207e-02
2.058630416125517559e-02
2.036883901253128126e-02
2.020343269453062085e-02
2.004085414025380540e-02
1.991008775398883657e-02
1.990781696473920004e-02
2.013917758263872315e-02
2.065738559635643679e-02
2.143447809806287019e-02
2.237805363877465314e-02
2.337342724661128912e-02
2.430966182039895340e-02
2.509412914132613803e-02
2.565382984937680799e-02
2.592390114374720778e-02
2.584481087541734556e-02
2.537596711530221150e-02
2.451045860839962121e-02
2.328850060434417557e-02
2.179771144029807317e-02
2.016123873934050348e-02
1.851667348786045775e-02
1.699332045932788748e-02
1.570440197120359649e-02
1.473899984572724087e-02
1.416548610312484691e-02
1.403465316352414671e-02
1.438772438888791250e-02
1.525848739071888893e-02
1.666958170448762377e-02
1.860265333936705900e-02
2.097191701579570466e-02
2.363068468893203544e-02
2.638216972224727286e-02
2.900131185591292571e-02
3.125932048612667380e-02
3.294108493594116727e-02
3.385576988723393299e-02
3.384448641187498552e-02
3.278646589319256233e-02
3.064239467686380447e-02
2.749144001881553834e-02
2.355161350853962610e-02
1.917429957534055873e-02
1.480207882005302178e-02
1.088516491251101392e-02
7.805855035961872801e-03
5.834300822583848856e-03
5.125724654834407090e-03
5.734628277331732527e-03
7.638672753932596038e-03
1.072892599666297464e-02
1.479664245177225723e-02
1.953687698998785027e-02
2.454800992873718002e-02
2.938085400649159684e-02
3.359421086640268506e-02
3.681653535294326929e-02
3.878283315714103896e-02
3.934365195492661726e-02
3.847335534543272484e-02
3.625326494630365382e-02
3.286648838532391093e-02
2.858609491631292077e-02
2.374970468885551078e-02
1.875303765328273364e-02
1.400817577301327610e-02
9.896500524031237589e-03
6.723816582511532580e-03
4.699059136364813760e-03
3.953601546981766468e-03
4.564412271747753103e-03
6.542482883453271114e-03
9.803651237362043247e-03
1.413189505375622712e-02
1.916163138389614939e-02
2.440386975563402228e-02
2.931713044046013739e-02
3.339841997775716553e-02
3.626322222124023220e-02
3.768039453406568651e-02
3.760759596947615968e-02
3.616182202986084615e-02
3.358025601204128741e-02
3.016485584214645410e-02
2.622941870949779819e-02
2.209780902901192778e-02
1.809501548571645912e-02
1.452706136208614662e-02
1.167921620301171082e-02
9.795688515927158946e-03
9.046855657260932659e-03
9.505615014821611197e-03
1.109058174227584015e-02
1.360701203770575685e-02
1.674749744291692544e-02
2.014134294688108007e-02
2.340162434829839988e-02
2.619123927890409931e-02
2.827237437668783659e-02
2.950256011198537642e-02
2.983128168084281384e-02
2.931122881047809603e-02
2.807099529140721916e-02
2.628978057159048198e-02
2.418638907099313062e-02
2.202226470138779479e-02
2.007312738715139044e-02
1.857638442520470612e-02
1.770167166396030556e-02
1.750613783844146010e-02
1.793586788641388097e-02
1.885478110832616849e-02
2.009294826830287928e-02
2.148349724650777670e-02
2.286367581677328786e-02
2.410373546517652343e-02
2.509787400799923240e-02
2.573881602896321841e-02
2.592922490927407342e-02
2.561495796462576191e-02
2.479609974720120569e-02
2.352331217425129850e-02
2.191316079042782139e-02
2.013297921683088187e-02
1.837583636762085693e-02
1.683865991125665929e-02
1.570390854284009485e-02
1.511692470987135994e-02
1.517246681918793527e-02
1.591138105043743423e-02
1.732310787674906649e-02
1.933194325998144336e-02
2.177640257832869075e-02
2.440138669370550684e-02
2.695165492170570332e-02
2.922568214915532980e-02
3.103402298204060994e-02
3.220244073528488737e-02
3.257550534678355092e-02
3.206991120047875121e-02
3.067827013939461445e-02
2.846019405394395463e-02
2.556958224842198479e-02
2.222217982633445388e-02
1.868610112371016374e-02
1.528643954308939179e-02
1.231708894578642521e-02
1.004400060962173935e-02
8.728367329377095807e-03
8.549579681377594831e-03
9.574642946034717106e-03
1.173491156771100385e-02
1.483937884398744966e-02
1.860224316407965706e-02
2.264787287930836168e-02
2.662930164361942964e-02
3.023944587791971284e-02
3.323176775920633208e-02
3.543659164291390606e-02
3.673008914083131238e-02
3.702361617816540829e-02
3.626506944123908394e-02
3.444325792838098810e-02
3.162371691603305113e-02
2.800370325254142312e-02
2.387168479489765183e-02
1.958765434957365770e-02
1.553868109623091076e-02
1.206569997373807546e-02
9.414639092757193239e-03
7.733713684945797695e-03
7.096310120048299197e-03
7.518938194484126036e-03
8.977831641010958208e-03
1.142303292581980934e-02
1.476992480864081081e-02
1.884288931390665223e-02
2.334124289480554726e-02
2.787993094679808159e-02
3.204353134306292539e-02
3.542788247100925325e-02
3.772165494618329173e-02
3.874691262579199602e-02
3.844656131270773880e-02
3.688437810972267084e-02
3.421414851333082208e-02
3.066348265274498885e-02
2.652311789519812280e-02
2.211446376910253253e-02
1.781565046330813029e-02
1.404928911310898698e-02
1.113049043467406740e-02
9.278955439271374672e-03
8.587731964018296971e-03
9.032746048176720777e-03
1.050508457889909320e-02
1.284145691673110878e-02
1.587588800928929622e-02
1.942604376140744105e-02
2.321533096781813743e-02
2.690950266068514729e-02
3.017005827817187402e-02
3.270503363770882466e-02
3.429131028576770657e-02
3.478842100665036075e-02
3.420000800418576681e-02
3.268793569127537157e-02
3.048614292305429352e-02
2.788430357103988122e-02
2.517272422922889330e-02
2.258660689022218282e-02
2.029314158017470060e-02
1.841196672133671441e-02
1.704962019772771065e-02
1.626652628897784503e-02
1.607346195103365183e-02
1.648945368967980052e-02
1.750387461805902323e-02
1.903648705020966059e-02
2.090502812605388172e-02
2.286552527784702082e-02
2.465825918141628659e-02
2.608255614342269713e-02
2.705404366884001099e-02
2.750668022312019456e-02
2.748267520260783137e-02
2.706135412334476076e-02
2.631197437451271437e-02
2.529206439548015162e-02
2.406831389866037618e-02
2.273513487632150554e-02
2.144637986796282814e-02
2.041600029762535851e-02
1.987085781276787255e-02
1.995783548612495295e-02
2.070040831152508698e-02
2.200963281529266791e-02
2.372326752923392679e-02
2.561999928174196750e-02
2.747551402349979188e-02
2.904750858222981957e-02
3.010487667238659348e-02
3.045919283271580902e-02
2.999694769731386934e-02
