1.976197417635169895e-04
5.924752713953589534e-04
1.882239743900093179e-03
3.932463763069542206e-03
6.539807287967798824e-03
9.455133562309599171e-03
1.240882461299004126e-02
1.513655885081210614e-02
1.740432595329026791e-02
1.903035791038880722e-02
1.990056649554425641e-02
1.997490989998914820e-02
1.928481337368039353e-02
1.792424477113261846e-02
1.603739153091639572e-02
1.380437126896478031e-02
1.142499169805536764e-02
9.100768589871360489e-03
7.016862287290026416e-03
5.326600357626026794e-03
4.140847647253696404e-03
3.522905440267671499e-03
3.488080562007421243e-03
4.006597399651093232e-03
5.008954598032759956e-03
6.393390465234832093e-03
8.035169851308487238e-03
9.796999535325340291e-03
1.153961585869485267e-02
1.313173204858672852e-02
1.445900703220778620e-02
1.543191073946229876e-02
1.599227360929230540e-02
1.611773480614800413e-02
1.582314785873810414e-02
1.515824860041760543e-02
1.420109717044554416e-02
1.305012328819200179e-02
1.181224918268860245e-02
1.059266801618886575e-02
9.485170584350057291e-03
8.564599220365015295e-03
7.882011124083461787e-03
7.462913066752646651e-03
7.308163621627952571e-03
7.397543363559372191e-03
7.694880707143243563e-03
8.153934065884200708e-03
8.724188797217648575e-03
9.355793051850603073e-03
1.000344603041111204e-02
1.062892039034545738e-02
1.120199916852623184e-02
1.170011325829547165e-02
1.210711008249830758e-02
1.241188345458546331e-02
1.260740304462090212e-02
1.269034305155833375e-02
1.266141482113478794e-02
1.252614798207716054e-02
1.229553289517193448e-02
1.198624732550680749e-02
1.161997377941099453e-02
1.122169195261932262e-02
1.081741729527814500e-02
1.043204048064851584e-02
1.008750669345863556e-02
9.801880394890208001e-03
9.589012545391658107e-03
9.458122291769835085e-03
9.413191351308341365e-03
9.452323875560860247e-03
9.566931441162267180e-03
9.741796564873467928e-03
9.956223549174213205e-03
1.018616413206765124e-02
1.040728261030229168e-02
1.059849940143019198e-02
1.074530721613566921e-02
1.084208957452369865e-02
1.089296218154289266e-02
1.091100537881666867e-02
1.091505468691303556e-02
1.092623463700316197e-02
1.096380612899051227e-02
1.104134316933834924e-02
1.116390195405365070e-02
1.132665085179525820e-02
1.151512872138795926e-02
1.170703885030414254e-02
1.187508769438298806e-02
1.199020158197501226e-02
1.202462075164213197e-02
1.195487361705549652e-02
1.176464164637346620e-02
1.144741831153840358e-02
1.100886895825116917e-02
1.046864962350624838e-02
9.860997724629796957e-03
9.233624023865965799e-03
8.644504956004472537e-03
8.156555833761562624e-03
7.830637337440196979e-03
7.717852140426601643e-03
7.852134777214438838e-03
8.244462071914426815e-03
8.879840114058214218e-03
9.717636972733104117e-03
1.069545818537078093e-02
1.173537010534720683e-02
1.275230864705901614e-02
1.366204689029799739e-02
1.438817012250788452e-02
1.486755852475921819e-02
1.505433156105926394e-02
1.492234614364619863e-02
1.446677315454838846e-02
1.370480074476984958e-02
1.267534975943551863e-02
1.143795966733016437e-02
1.007147617485805793e-02
8.670262356751744226e-03
7.339936467501187965e-03
6.190537340108785182e-03
5.327810907608909567e-03
4.843292197245070881e-03
4.804515875803008762e-03
5.246381845790039182e-03
6.164893450646443188e-03
7.513981411837728289e-03
9.205816331746243669e-03
1.111513776245185402e-02
1.308761388826011618e-02
1.495212220860824698e-02
1.653626813249811645e-02
1.768363061609529857e-02
1.827067779271748099e-02
1.822128610330641524e-02
1.751679423787674827e-02
1.620031242158982698e-02
1.437452961979285120e-02
1.219316160631355762e-02
9.846853999252768233e-03
7.544937804839771910e-03
5.495092805696168668e-03
3.883103985464257668e-03
2.854823832761536635e-03
2.502519280627410556e-03
2.856575848832084569e-03
3.883136902795168623e-03
5.487860563250567501e-03
7.525354772155941341e-03
9.813403467007705133e-03
1.215072503944559547e-02
1.433608522243278761e-02
1.618654107960679212e-02
1.755290834709473044e-02
1.833125424466064760e-02
1.846991003137593221e-02
1.797192772709712769e-02
1.689302521919184424e-02
1.533519248354745304e-02
1.343675252910355410e-02
1.136009141416994932e-02
9.278451387838703920e-03
7.362669845613910129e-03
5.768093968406589472e-03
4.621894069060520846e-03
4.011629791629708897e-03
3.976784717521841123e-03
4.505049896642741511e-03
5.534376363874886524e-03
6.960275077915886559e-03
8.646824881882547026e-03
1.043971799282084924e-02
1.218026238005400462e-02
1.371940691713951013e-02
1.493089239707528874e-02
1.572214028587535020e-02
1.604206125399261149e-02
1.588407537628655150e-02
1.528582474609936279e-02
1.432505240391196595e-02
1.311209171691199438e-02
1.177871504650225380e-02
1.046383627712798962e-02
9.297261928430130759e-03
8.383865866308619352e-03
7.791442553356052805e-03
7.544419016044565107e-03
7.624540820149298265e-03
7.977924346693855001e-03
8.525742979147292108e-03
9.177733186725971909e-03
9.845161404201789937e-03
1.045177136991469295e-02
1.094179073662179466e-02
1.128414152167112917e-02
1.147250558029214162e-02
1.152163397927199670e-02
1.146132781483447799e-02
1.132970030973248776e-02
1.116727019311461108e-02
1.101239485595421723e-02
1.089758686625483600e-02
1.084632414730157292e-02
1.087050719733816985e-02
1.096918120781910366e-02
1.112897462394657130e-02
1.132617395789155268e-02
1.152983674077839513e-02
1.170539122111722945e-02
1.181845911033392420e-02
1.183897505160566924e-02
1.174534933814399239e-02
1.152796654869195705e-02
1.119124038330394574e-02
1.075383801467057025e-02
1.024743005225707028e-02
9.714216348833149342e-03
9.203517071618483314e-03
8.767351968295266501e-03
8.455071750245651829e-03
8.307508398195991711e-03
8.351592266755306776e-03
8.596479789978047140e-03
9.031799264313191203e-03
9.628313431545458545e-03
1.034081244538663860e-02
1.111258672122362491e-02
1.188093746466237395e-02
1.258311176479849809e-02
1.316185137235934173e-02
1.357008179545311430e-02
1.377431402716059773e-02
1.375647334758351055e-02
1.351451941591275477e-02
1.306224854421877794e-02
1.242835388889866437e-02
1.165499015724040868e-02
1.079550929133260041e-02
9.911081397553334407e-03
9.066334131260988735e-03
8.324326337284731342e-03
7.741368949777492972e-03
7.362486405390557612e-03
7.217824276696735257e-03
7.320173699196531533e-03
7.663900694051174571e-03
8.225407651823319830e-03
8.965135452397247212e-03
9.830777023697966077e-03
1.076126120290012665e-02
1.169116553919385959e-02
1.255547569067733994e-02
1.329460991278266432e-02
1.385940363941719385e-02
1.421528493023963696e-02
1.434454207175515396e-02
1.424624895762389640e-02
1.393394983198764300e-02
1.343172661270344154e-02
1.276987557090336622e-02
1.198139601467507892e-02
1.110016021995038731e-02
1.016121897951143514e-02
9.203047305892265301e-03
8.270649490649496435e-03
7.417836477385858843e-03
6.707109428527292805e-03
6.206148047307080001e-03
5.980974453883333708e-03
6.086712314458965142e-03
6.557582316922180507e-03
7.398006753216918030e-03
8.576503860784130684e-03
1.002390087964546116e-02
1.163643638247423805e-02
1.328371544898591591e-02
1.482021154048827200e-02
1.609933852150436870e-02
1.698854368936245432e-02
1.738401110272080538e-02
1.722303562423605633e-02
1.649249640754634968e-02
1.523231366099265204e-02
1.353351800752812875e-02
1.153145932595827511e-02
9.395009023482427113e-03
7.312309558850212977e-03
5.473503766508775945e-03
4.051977567273468660e-03
3.186051475928075669e-03
2.964002920920682897e-03
3.414649558013507866e-03
4.504572354930973591e-03
6.141611016398646275e-03
8.184049500672148370e-03
1.045422679327676074e-02
1.275499500774851004e-02
