4.228179191393412716e-04
7.674668232449312778e-04
2.010836953866446120e-03
4.019899695490257788e-03
6.592831566277710872e-03
9.481698997368875198e-03
1.241726225407286353e-02
1.513439452931191961e-02
1.739712579059620595e-02
1.902108879154043586e-02
1.988984032534915625e-02
1.996220764198839565e-02
1.927037088475237053e-02
1.791099751129321405e-02
1.603230959463008282e-02
1.381871596384428788e-02
1.147341396002735797e-02
9.199653669268297376e-03
7.182312382072753368e-03
5.572402297361369640e-03
4.476580651209931434e-03
3.952028953323930005e-03
4.006552088713130622e-03
4.602040546137780783e-03
5.660350670459619003e-03
7.070998316565539621e-03
8.700839378289734749e-03
1.040531826345916268e-02
1.204113722716911201e-02
1.347882967702958810e-02
1.461338513763271903e-02
1.537017535742237102e-02
1.571380573415346801e-02
1.564736145334360770e-02
1.520912625781426115e-02
1.446683746021166540e-02
1.350953668558969693e-02
1.243751817531008920e-02
1.135151617920212956e-02
1.034553445912544251e-02
9.499566980261013940e-03
8.870084989314904605e-03
8.485321500618306020e-03
8.342284134207905363e-03
8.412050711974119327e-03
8.648383464851486235e-03
8.998930891760369144e-03
9.414284487450279987e-03
9.853423431635142601e-03
1.028637772398678131e-02
1.069363860025039116e-02
1.106546107719001693e-02
1.139503336955160345e-02
1.167591120337005406e-02
1.190092209352148350e-02
1.206317221133534554e-02
1.215856794911693295e-02
1.218751911958601900e-02
1.215525457362617856e-02
1.207178916501115522e-02
1.195145183433135236e-02
1.180797006898240582e-02
1.165081777841174039e-02
1.148407233434459336e-02
1.130623024609411949e-02
1.111259765759904823e-02
1.089818648759346455e-02
1.066135132868171152e-02
1.040849222088761732e-02
1.015653899904277700e-02
9.931880490935997285e-03
9.767136967612322779e-03
9.693098371442889286e-03
9.728886893471224914e-03
9.874923037854284671e-03
1.011442186383984879e-02
1.041506000738013672e-02
1.073604920528794908e-02
1.104989802464687552e-02
1.133996200555668910e-02
1.160070572120198637e-02
1.183367262670633434e-02
1.203253543618118884e-02
1.217470371447405830e-02
1.223060861100886722e-02
1.216710661979844392e-02
1.196528270685625304e-02
1.163666791174189363e-02
1.122779468037632053e-02
1.081182091253008598e-02
1.046864472854827470e-02
1.025526434689219210e-02
1.018822870127370460e-02
1.025027207138177673e-02
1.039720437526180444e-02
1.057799549755685832e-02
1.075234362263009606e-02
1.089745385034764612e-02
1.100836885344735026e-02
1.109158005146720395e-02
1.115671391239098434e-02
1.120294736418032087e-02
1.122240570840789785e-02
1.119398995731763630e-02
1.110685296193426527e-02
1.096444612696791283e-02
1.079209450202962307e-02
1.062539901612526323e-02
1.049836039800320329e-02
1.043951086645743265e-02
1.046224155786458151e-02
1.056032576997159231e-02
1.071254720512035408e-02
1.089217352350762072e-02
1.107987150975306943e-02
1.126900745528016702e-02
1.145998354935200657e-02
1.165549296430049876e-02
1.185171922460248953e-02
1.203470309334874963e-02
1.218067389274958036e-02
1.226259739284629030e-02
1.226049928406991278e-02
1.216433847304370340e-02
1.197183021136633517e-02
1.168620822582783041e-02
1.131612015294221514e-02
1.087723907163830502e-02
1.039410616575335393e-02
9.897656164308389279e-03
9.424417280649641585e-03
9.016393866603293616e-03
8.717094379316486091e-03
8.566253481056619254e-03
8.600971206597791616e-03
8.849397125543105591e-03
9.327731894783128364e-03
1.003557907685793428e-02
1.094476529464187206e-02
1.199688642468242118e-02
1.310408162843980026e-02
1.415593093721016597e-02
1.503179882472498521e-02
1.561974519815644870e-02
1.583506502526131621e-02
1.563818376668555526e-02
1.502864315146139329e-02
1.405032210761372746e-02
1.277814696010736925e-02
1.130607353323519713e-02
9.741681862051064511e-03
8.202839674389674277e-03
6.817121648096081780e-03
5.715661382552775401e-03
5.022843582605102108e-03
4.838113981097676847e-03
5.217933450360123446e-03
6.163213859492977509e-03
7.614919257931160312e-03
9.459872825994603690e-03
1.154105694464616950e-02
1.367378988210692613e-02
1.566467696911482549e-02
1.732703237704895718e-02
1.850559855760411376e-02
1.909312063359803677e-02
1.903076037094772813e-02
1.831737408180422050e-02
1.700980774307093990e-02
1.521442426914107471e-02
1.307874237542994665e-02
1.076920049617254883e-02
8.456480610449481489e-03
6.310403124669930648e-03
4.501783458747837981e-03
3.201160066860117039e-03
2.554825051560452240e-03
2.663741634966004974e-03
3.556715722882059991e-03
5.170635395965492848e-03
7.359014814728333069e-03
9.906528025156818851e-03
1.256301726625312296e-02
1.508754568437832913e-02
1.726859448851488302e-02
1.893913445142524771e-02
1.998438138265809863e-02
2.033526688483321132e-02
1.996721721649888023e-02
1.890184712387796284e-02
1.721143991276935167e-02
1.502145469669536465e-02
1.251588278634023325e-02
9.922719857771159641e-03
7.483416293912158179e-03
5.422863392107637147e-03
3.923473149075817033e-03
3.101609297164233722e-03
3.002903858838905284e-03
3.608346875866079440e-03
4.845818163653813591e-03
6.599616404110047498e-03
8.717739182299970649e-03
1.102288697788334458e-02
1.331290129630783789e-02
1.539262056230005817e-02
1.707721605382455862e-02
1.821878489205863011e-02
1.873794612123309486e-02
1.862335956112994018e-02
1.791296104666032646e-02
1.671674978476246631e-02
1.518185397890413346e-02
1.344784362368526762e-02
1.166720391004947600e-02
9.985600184119949180e-03
8.530449057725804016e-03
7.398170072614671140e-03
6.672299447096626673e-03
6.400948368419638601e-03
6.584989227124106274e-03
7.176215091294944372e-03
8.089540830717046466e-03
9.211425725104192483e-03
1.042139615924033043e-02
1.160779111520530114e-02
1.267672488569656503e-02
1.355374624729786988e-02
1.418404261928086531e-02
1.454260978782248061e-02
1.462883815446930705e-02
1.447459944452459540e-02
1.414630100537217147e-02
1.371220195160168659e-02
1.323003745653414040e-02
1.274164825145620607e-02
1.226919292258000886e-02
1.183304369789131040e-02
1.145549549087091293e-02
1.115163441521097379e-02
1.092101788845125862e-02
1.077093514957329877e-02
1.070076204167053242e-02
1.070107529327715169e-02
1.075061947496568429e-02
1.082260170853228259e-02
1.089479344822052130e-02
1.096117773973993847e-02
1.103173411288676381e-02
1.111661767004890229e-02
1.121337585006668136e-02
1.133279414238124935e-02
1.148899000961203960e-02
1.168726813138940349e-02
1.192503872523729969e-02
1.219510076604462048e-02
1.248399045279395721e-02
1.279581438683211232e-02
1.310718381642250567e-02
1.338425800030331250e-02
1.359461339863027654e-02
1.370126900336718877e-02
1.367426804048848567e-02
1.350722974465916500e-02
1.321541924573380912e-02
1.282444230618512079e-02
1.235119669111368196e-02
1.182401098091000712e-02
1.128890143485383919e-02
1.077607917718105199e-02
1.032599091728850747e-02
9.985202288577223195e-03
9.803980577542453431e-03
9.837234344718372159e-03
1.009889938521280409e-02
1.056925726058889625e-02
1.123510145017110433e-02
1.202105779299898758e-02
1.284232405681404350e-02
1.360798770214905959e-02
1.422902798928047004e-02
1.463434592637380925e-02
1.477794332361999190e-02
1.464881266481756449e-02
1.426985562170117114e-02
1.369041018857088468e-02
1.298248108654160779e-02
1.223067623303113367e-02
1.152513907123300756e-02
1.095434943975903512e-02
1.056125176828874059e-02
1.038026308802531689e-02
1.042176906727726796e-02
1.067198186084591417e-02
1.108730409794306607e-02
1.160828171864165988e-02
1.219948326610546807e-02
1.282574902325340528e-02
1.341407456087068822e-02
1.391367367936083288e-02
