1.525651393420494051e-01
1.427610535944326964e-01
1.321047424395156433e-01
1.217816092369909953e-01
1.129887585637200376e-01
1.067854575151828689e-01
1.039565116047934668e-01
1.049049138185810248e-01
1.095935964747212221e-01
1.175459892633093917e-01
1.279007373603481268e-01
1.395032796921709117e-01
1.510254336592403712e-01
1.611147668412233891e-01
1.685713850752267318e-01
1.725293654441227842e-01
1.725953324912575804e-01
1.688991367412878697e-01
1.620431447534637082e-01
1.529730051314589501e-01
1.428119540585376379e-01
1.326954418228658561e-01
1.236279404284290617e-01
1.163741951816420483e-01
1.113983218116358920e-01
1.088611750185457527e-01
1.086724634612916685e-01
1.105747717826436327e-01
1.142273368724425753e-01
1.192696103491714954e-01
1.253515034934770123e-01
1.321297340194874659e-01
1.392521902117164201e-01
1.463315834619903777e-01
1.529226615016069379e-01
1.585184313533160028e-01
1.625800680308029378e-01
1.646083842305137157e-01
1.642470969465644748e-01
1.613870084004995764e-01
1.562311097950203065e-01
1.492886653892050441e-01
1.412942283320390846e-01
1.330763935043952628e-01
1.254223147466028143e-01
1.189820339082595657e-01
1.142348438033637947e-01
1.115093837797062060e-01
1.110223057457627727e-01
1.128883981794389646e-01
1.170836315163152896e-01
1.233759935086695680e-01
1.312641365049270759e-01
1.399713503524272484e-01
1.485239635731219199e-01
1.559037410141185243e-01
1.612314301450159526e-01
1.639247649597960210e-01
1.637834559324060635e-01
1.609842371707909114e-01
1.560011204638721560e-01
1.494917490129246129e-01
1.421873906408214205e-01
1.348093285437250710e-01
1.280149727847067487e-01
1.223590195254022905e-01
1.182625868327772389e-01
1.159906740298219940e-01
1.156423890199336224e-01
1.171524098794387569e-01
1.203050773296171494e-01
1.247605849173252235e-01
1.300879268657293419e-01
1.358096896244117557e-01
1.414502284311989211e-01
1.465801710071753527e-01
1.508489694221452071e-01
1.539983903772622620e-01
1.558684625901378684e-01
1.563946065208527969e-01
1.555980696159519061e-01
1.535667041052082293e-01
1.504278563405418989e-01
1.463304661221334069e-01
1.414502629363098007e-01
1.360163820325905881e-01
1.303442201301838743e-01
1.248471823229578836e-01
1.200151460157967698e-01
1.163640045024489922e-01
1.143700569684262813e-01
1.143982178166943475e-01
1.166348121135795113e-01
1.210416113168716334e-01
1.273420340993496325e-01
1.350479521941453376e-01
1.435109311482450911e-01
1.519762077527703203e-01
1.596228579173738504e-01
1.656029605779495428e-01
1.691058557188489520e-01
1.694726271486348690e-01
1.663485581414363423e-01
1.598224270272347036e-01
1.504906849106096844e-01
1.394103627018219438e-01
1.279402219050809197e-01
1.175105408316438060e-01
1.093819150514120375e-01
1.044553410477172539e-01
1.031590479286214057e-01
1.054384183584313739e-01
1.108221163776457185e-01
1.185350699244200889e-01
1.276364959944008559e-01
1.371514245385195840e-01
1.461795725808319180e-01
1.539773691066212979e-01
1.599972841092012210e-01
1.638968104747011711e-01
1.655236604949362755e-01
1.648919470247064423e-01
1.621606788677317779e-01
1.576099604448456537e-01
1.516171548713871609e-01
1.446355549509711347e-01
1.371744252102367057e-01
1.297752872978854555e-01
1.229936762315065879e-01
1.173629023969221530e-01
1.133454501112318713e-01
1.112837125020575968e-01
1.113588705594851236e-01
1.135601014561311572e-01
1.176873874112489560e-01
1.233863703778159682e-01
1.302066125578895672e-01
1.376517342761980345e-01
1.452055554112735569e-01
1.523347762592484056e-01
1.584729899267246500e-01
1.630257382042193948e-01
1.654446446607337196e-01
1.653038225651434212e-01
1.624142437702000841e-01
1.569268166046705604e-01
1.493602309498398562e-01
1.405433038606299645e-01
1.314806990377203055e-01
1.231812269712807550e-01
1.164949915650944634e-01
1.120044012689792590e-01
1.099937790190181897e-01
1.104861422944399818e-01
1.133094418979414542e-01
1.181525453561566019e-01
1.245933437014433709e-01
1.320953878886351740e-01
1.400156464717171589e-01
1.476441632236085155e-01
1.542727164369186443e-01
1.592890367678124752e-01
1.622501077501753430e-01
1.629296268692979055e-01
1.613396834298538307e-01
1.577271330021863260e-01
1.525346946914525326e-01
1.463361397931253194e-01
1.397553228656797097e-01
1.333753498912638724e-01
1.276760949600944661e-01
1.230108850686553179e-01
1.196067356917828173e-01
1.175878955964834160e-01
1.170024604323084416e-01
1.178452657019167793e-01
1.200765144964941467e-01
1.236326720142153501e-01
1.284066457964688768e-01
1.342173523197632834e-01
1.407443478532336423e-01
1.474843659243577632e-01
1.537625378343483451e-01
1.588157545553319228e-01
1.619301379600828206e-01
1.625926462888249713e-01
1.605981447555413499e-01
1.560687945895131712e-01
1.494158075636492500e-01
1.412786288970413473e-01
1.324418076423351520e-01
1.237645220880225772e-01
1.161301037829163274e-01
1.103936624950890844e-01
1.073067666288255451e-01
1.074151987518620066e-01
1.109414299877506949e-01
1.176780204274379127e-01
1.269431409377199671e-01
1.376400219498897792e-01
1.484165416847827990e-01
1.578972768817739070e-01
1.649303570966792476e-01
1.687619028367515206e-01
1.691059761915596482e-01
1.661191885494166520e-01
1.603107301302555410e-01
1.524386162915224441e-01
1.434043075410560419e-01
1.341519695909192400e-01
1.255848679519685485e-01
1.184950478588681078e-01
1.134866083596233199e-01
1.109214566353100562e-01
1.108962034509941574e-01
1.132572336466571850e-01
1.176477937165028020e-01
1.235825756666252273e-01
1.305252341424326668e-01
1.379411765901832343e-01
1.453107993245189578e-01
1.521236316609596573e-01
1.578654595699152674e-01
1.620308555035532283e-01
1.641878661568071385e-01
1.640544104542588366e-01
1.615717791121233926e-01
1.569391601404275249e-01
1.505867258975911449e-01
1.431027078419124798e-01
1.351418482706466806e-01
1.273465025914194415e-01
1.202967722787867677e-01
1.144982759072604717e-01
1.104062939710679370e-01
1.084272818514331327e-01
1.088757430426742223e-01
1.118919896681103143e-01
1.173581271778989521e-01
1.248538186328790323e-01
1.336779819545965697e-01
1.429655928486106564e-01
1.518286297968929333e-01
1.594680977771468777e-01
1.652402436359271531e-01
1.686930638904459157e-01
1.695487395538796127e-01
1.677050860015815159e-01
1.632570313598521450e-01
1.565127387511674462e-01
1.480093021468363856e-01
1.384935061477517992e-01
1.288601721755108231e-01
1.200689398962294652e-01
1.130276798946253658e-01
1.084488829378992270e-01
1.067428183698323485e-01
1.079726055488531289e-01
1.118552000777534028e-01
1.178255238020997631e-01
1.251404430682167002e-01
1.329954099901251574e-01
1.406291294954252757e-01
1.473997325705207473e-01
1.528488684019635446e-01
1.567293313331935556e-01
1.590045923987816190e-01
1.598083635411707837e-01
1.593448067353133712e-01
1.578014569593970684e-01
1.552880040526010141e-01
1.518259677896355297e-01
1.473927856875032472e-01
1.420168488657188588e-01
1.358743218213926962e-01
1.293389548531890254e-01
1.229806443919038150e-01
1.174881988090512586e-01
1.135379400287906959e-01
1.116787618919009573e-01
1.122186609201888396e-01
1.151873238774308028e-01
1.203473376383368265e-01
1.272447875650217775e-01
1.352812133456499089e-01
1.437549014871252195e-01
1.518918196952006028e-01
1.588953725215689339e-01
1.639752686938044102e-01
1.664656542504175940e-01
1.659449077971307807e-01
1.623365943491558161e-01
1.559661410257917602e-01
1.475520595283074110e-01
1.381111415727372949e-01
1.288049568534848088e-01
1.207653544221438668e-01
1.149087221268001446e-01
1.118021716127219900e-01
1.116092296915497384e-01
