4.175014055499692844e-04
1.194899031036866788e-03
3.788139763364228862e-03
7.916614614018380180e-03
1.316324090641296518e-02
1.902686908206219218e-02
2.497619737476819424e-02
3.049998534022058116e-02
3.515129147395057441e-02
3.858318968465657139e-02
4.057251073540657504e-02
4.102952517596702986e-02
3.999515863044356134e-02
3.762964766535914496e-02
3.419549732866855596e-02
3.003425851810126446e-02
2.553458302648503597e-02
2.109211056570237108e-02
1.706555733458958724e-02
1.373931205474865358e-02
1.130072512852209332e-02
9.835897456067943523e-03
9.341349122376496616e-03
9.744643765659422030e-03
1.092657984285272388e-02
1.273965416362821124e-02
1.502049181149567314e-02
1.759664895686863240e-02
2.029045062702172775e-02
2.292375626508424968e-02
2.532724945073216993e-02
2.735483277004890912e-02
2.890105982520141392e-02
2.991618863305667286e-02
3.041282377798404379e-02
3.045973978437344076e-02
3.016171870948070044e-02
2.963189833602120071e-02
2.895963871829898562e-02
2.818729649044993124e-02
2.730197145647461632e-02
2.624626988586653553e-02
2.494656341108247855e-02
2.334873532944981012e-02
2.145204167330394540e-02
1.932857365177476083e-02
1.712216887055850734e-02
1.502823624246407697e-02
1.326057637987598792e-02
1.201620518806045812e-02
1.144787332173091698e-02
1.164819367681213524e-02
1.264538640683321447e-02
1.440645941829044041e-02
1.684313204349707771e-02
1.981748056515875156e-02
2.314666536376952521e-02
2.660807473152559943e-02
2.994746245921764416e-02
3.289287409678076646e-02
3.517598437473201667e-02
3.656017093003660623e-02
3.687123554294613470e-02
3.602459932175183788e-02
3.404352206000094139e-02
3.106336543867482813e-02
2.731858150891908199e-02
2.311729642967574883e-02
1.880875183695895903e-02
1.474888491494663612e-02
1.126960995434767021e-02
8.652387205830391892e-03
7.106154836249878315e-03
6.752370126933304739e-03
7.616977352100540166e-03
9.629950494355887791e-03
1.263215837535880404e-02
1.638782700053043051e-02
2.060116658798016864e-02
2.493744603795089443e-02
2.904905340094032784e-02
3.260515247817097340e-02
3.532161908562037045e-02
3.698610400775126372e-02
3.747536147724284117e-02
3.676344518012986118e-02
3.492211070450890187e-02
3.211506121907237166e-02
2.858639205671298367e-02
2.464258682991837812e-02
2.062736566423828410e-02
1.689079912015489793e-02
1.375536923146736257e-02
1.148272821173501601e-02
1.024563645947429436e-02
1.010778769176012837e-02
1.101729307933574376e-02
1.281367865855664867e-02
1.525199254206521804e-02
1.803851913337406465e-02
2.087170843856844815e-02
2.348078247881368874e-02
2.565604005420529798e-02
2.726755552262793980e-02
2.827089569326479701e-02
2.869963348327753128e-02
2.864666017481798388e-02
2.823858892538544385e-02
2.760745281977294852e-02
2.686647375007045202e-02
2.609689469944853624e-02
2.534483351800109752e-02
2.462824687120335199e-02
2.394959946644004134e-02
2.330833801169407415e-02
2.270768458104832632e-02
2.215324437563837012e-02
2.164513252133082322e-02
2.116888251124560139e-02
2.069109490201359591e-02
2.016435996701759770e-02
1.954170693851464691e-02
1.879725639587936925e-02
1.794721410592103883e-02
1.706433770312631992e-02
1.627995831953854555e-02
1.577001686671397618e-02
1.572575816274801586e-02
1.631414201098813077e-02
1.763656101256838582e-02
1.969562398266955228e-02
2.237893442719107728e-02
2.546437341600515936e-02
2.864591181280773391e-02
3.157509574095762606e-02
3.390893179176013295e-02
3.535513253163613534e-02
3.570791319843491518e-02
3.487068686186933775e-02
3.286527907471614718e-02
2.982927968686022169e-02
2.600306290602627524e-02
2.170799007669022007e-02
1.731768007452361147e-02
1.322444954120294280e-02
9.803493682261299469e-03
7.377632918268206552e-03
6.185466266692585258e-03
6.356360198586319399e-03
7.895685196823931662e-03
1.068274186934148329e-02
1.448207411210866713e-02
1.896643523177976576e-02
2.374811034469059834e-02
2.841452911707575968e-02
3.256455144525660650e-02
3.584307392027830108e-02
3.797182885542804698e-02
3.877517251166340273e-02
3.819918777625197492e-02
3.632016138922466997e-02
3.333834206951091783e-02
2.955533700938850483e-02
2.533758199421742852e-02
2.107307004383951465e-02
1.712903151152134207e-02
1.381620807227545988e-02
1.136319136283403530e-02
9.902284444426867616e-03
9.467023563132448416e-03
1.000091549943105118e-02
1.137556043360665736e-02
1.341387100174873392e-02
1.591298861562806533e-02
1.866225971980406406e-02
2.145588550610666445e-02
2.410264324656496981e-02
2.643438694538957634e-02
2.831644207319772288e-02
2.965805565049872694e-02
3.042064837927493937e-02
3.062298691841480736e-02
3.033850281665706472e-02
2.968319969335497799e-02
2.879364690432761886e-02
2.779861346057099780e-02
2.679090659090788140e-02
2.580761799115849353e-02
2.482609461325813172e-02
2.377737590595896400e-02
2.257533439167180855e-02
2.115272389640099338e-02
1.949475436597214451e-02
1.765895667140660041e-02
1.577771570116015543e-02
1.404200702864955019e-02
1.267140639537034374e-02
1.187685332073917799e-02
1.182467193610381440e-02
1.260864941260431138e-02
1.423517821217890056e-02
1.662339387645195288e-02
1.961833755437003557e-02
2.301140078826191537e-02
2.656130510706422587e-02
3.001075335028791091e-02
3.309828667482206388e-02
3.556982675312525544e-02
3.719359388214649176e-02
3.778031531252534769e-02
3.720636649548603181e-02
3.543601994274603317e-02
3.253730193764492462e-02
2.868697785858564941e-02
2.416208546238518551e-02
1.931685541440031351e-02
1.454777447785060573e-02
1.025243651262497391e-02
6.791213427849496220e-03
4.457806641424588712e-03
3.460576124994729774e-03
3.912581168168727253e-03
5.825858874893063977e-03
9.106471314796360517e-03
1.355087621741357662e-02
1.884735066470899501e-02
2.458746589277149841e-02
3.029233869458691775e-02
3.545487872210695279e-02
3.959406892567529646e-02
4.231319486423479326e-02
4.335119194240633078e-02
4.261597898276225926e-02
4.019314548651076180e-02
3.632932966044144507e-02
3.139537114993840028e-02
2.583888004472367772e-02
2.013479060157263856e-02
1.474140814052093962e-02
1.006620929712787049e-02
6.441896434343563627e-03
4.111677802841384732e-03
3.220420437010429460e-03
3.808597885317510645e-03
5.808205578333613950e-03
9.042485976654801583e-03
1.323342923110326641e-02
1.802106946093673390e-02
2.299647195452514392e-02
2.774487268612146895e-02
3.189080408096511832e-02
3.513528308125724031e-02
3.727782321883466032e-02
3.822193084605862712e-02
3.796846094254535675e-02
3.660297736502871047e-02
3.428194688735008988e-02
3.121945298281914027e-02
2.767380234469030142e-02
2.393202984422271307e-02
2.029026413079115798e-02
1.702937681701832684e-02
1.438750688884360418e-02
1.253326759632999998e-02
1.154555619465147398e-02
1.140609506253742467e-02
1.200855410013568214e-02
1.318397979572794032e-02
1.473670774923063753e-02
1.648126441752006954e-02
1.827108934894583481e-02
2.001316329545421713e-02
2.166745992108998209e-02
2.323377273496818329e-02
2.473146888981736513e-02
2.617779334745851116e-02
2.757018451261228353e-02
2.887623625548518813e-02
3.003256459408099044e-02
3.095088803246059950e-02
3.152961548170152284e-02
3.166864772400224126e-02
3.128467198108841885e-02
3.032428840323830865e-02
2.877316147263209167e-02
2.666113555071847330e-02
2.406521059789901162e-02
2.111158765631637735e-02
1.797595067790203061e-02
1.487936789159227668e-02
1.207612831287263599e-02
9.832313850956619916e-03
8.397561102666095678e-03
7.973736607391979092e-03
8.686090823299408292e-03
1.056151769921653827e-02
1.351716631952049053e-02
1.736021585414326829e-02
2.180074455500524699e-02
2.647583956235755043e-02
