4.571581286511028352e-04
1.204033368108259339e-03
3.718715614854817275e-03
7.714917100629326008e-03
1.276844269163279755e-02
1.836893354208002371e-02
2.397483995630733666e-02
2.906821195815112446e-02
3.320424594283710729e-02
3.605081813516464173e-02
3.741199184354648821e-02
3.723368567191964740e-02
3.559387675440950360e-02
3.268299076826008953e-02
2.878172652269794796e-02
2.423646428381887041e-02
1.943292382177630451e-02
1.476826288373378482e-02
1.062252395602947264e-02
7.331452100529878280e-03
5.159868004745327141e-03
4.277317094012689225e-03
4.739537140956762151e-03
6.480187619672839183e-03
9.318152912541677324e-03
1.297959182969044001e-02
1.713030153179295745e-02
2.141194327446038770e-02
2.547584104669042837e-02
2.901299090038456097e-02
3.174362156617849262e-02
3.347289510783557631e-02
3.405767660946801278e-02
3.342537400511291779e-02
3.160102933761954613e-02
2.872459999644771944e-02
2.505106161323000791e-02
2.092434365354700621e-02
1.673376859986286380e-02
1.288069089436971737e-02
9.711043398081709022e-03
7.522948758039271766e-03
6.521373991799195302e-03
6.792177502439433745e-03
8.281318825812400419e-03
1.079791823028364295e-02
1.405092938137786351e-02
1.770659884004799345e-02
2.144796387154546125e-02
2.500714047505836479e-02
2.816077861453658571e-02
3.069937306889347628e-02
3.239595579785370383e-02
3.300530734436268876e-02
3.231957976823263134e-02
3.026808724899032743e-02
2.699406141906812717e-02
2.287862387562578093e-02
1.848013438706941347e-02
1.440006968432694379e-02
1.113470437835573090e-02
8.974434546463849749e-03
7.991232337277165421e-03
8.090696229066329792e-03
9.094677866414824230e-03
1.081810596256382873e-02
1.311124797052398705e-02
1.585954536445521867e-02
1.895495681155090484e-02
2.225643528557452733e-02
2.556640411338950702e-02
2.860677385195176115e-02
3.107489897003468116e-02
3.266392883399682479e-02
3.311606905742103812e-02
3.227399661884589044e-02
3.011926518481689019e-02
2.679624192363250224e-02
2.261800647337042225e-02
1.803326351236567149e-02
1.356765250479952112e-02
9.743501863554437925e-03
6.984416510210422757e-03
5.545507010322858754e-03
5.491598937782837808e-03
6.730225713155513212e-03
9.075544412637026603e-03
1.230612002211350919e-02
1.619367323549492088e-02
2.050517111146521465e-02
2.497651459144045738e-02
2.928880080509388417e-02
3.303969177671528534e-02
3.576382355189355877e-02
3.702132729564111546e-02
3.650398229654894244e-02
3.413978315736432290e-02
3.013947105849512642e-02
2.497763965944443942e-02
1.930201061307557087e-02
1.380328800377561560e-02
9.096830207243278288e-03
5.640015902983464002e-03
3.696393617488968886e-03
3.341301240269323181e-03
4.488995271136442256e-03
6.925981732043284822e-03
1.035444230271842514e-02
1.443233221022732771e-02
1.881657119015811563e-02
2.319434792419994285e-02
2.727929810112317277e-02
3.080255190768210749e-02
3.351334404240469134e-02
3.517838061859512866e-02
3.560339258469802370e-02
3.467611446904128591e-02
3.241260190343309144e-02
2.898021482452350917e-02
2.469373782288664110e-02
1.998323640904720033e-02
1.533102115995432779e-02
1.119234751311093401e-02
7.926958528124417036e-03
5.764514372968765343e-03
4.801381784196756541e-03
5.030868745251049212e-03
6.382227107525895171e-03
8.740122630810254201e-03
1.194977856186985044e-02
1.581456889412424793e-02
2.009111495143678372e-02
2.448374508869310962e-02
2.864941141465893182e-02
3.221809057150515354e-02
3.483016459436805157e-02
3.618287208915738074e-02
3.607707942784532662e-02
3.446020752624490147e-02
3.144619201671383646e-02
2.731944023677934652e-02
2.249812550649032961e-02
1.747234402027308953e-02
1.274792006504332775e-02
8.777256225853347082e-03
5.909533383413712038e-03
4.367692860977712144e-03
4.246843388629129024e-03
5.521619794376708690e-03
8.054073894394830901e-03
1.159846465420866224e-02
1.582048646416600590e-02
2.033145974053551797e-02
2.473160233528004515e-02
2.864569554467510937e-02
3.175259637083449604e-02
3.380286699105694570e-02
3.463631339199357839e-02
3.419710807455733637e-02
3.255327904431370989e-02
2.988970774835120192e-02
2.647361854996244102e-02
2.260254659543692313e-02
1.858469564351894476e-02
1.473837143432854546e-02
1.134807115238822828e-02
8.685755882189671873e-03
6.997573238880283597e-03
6.457626584727149677e-03
7.121852025004038467e-03
8.927596676742810544e-03
1.171008145321839056e-02
1.523124627657723718e-02
1.921455644214054015e-02
2.334656688086489407e-02
2.727585657092801430e-02
3.061744228262019973e-02
3.299582471503470504e-02
3.412570642879986238e-02
3.387887009843459918e-02
3.229607674119883143e-02
2.954673382586425756e-02
2.586809592549887959e-02
2.158085573781931554e-02
1.706234846222598467e-02
1.273601883427089021e-02
9.041865026915951731e-03
6.388636625063948138e-03
5.099716675617038675e-03
5.352160338970901599e-03
7.144312042225986481e-03
1.028773069717148214e-02
1.443030203925244059e-02
1.910852684936537038e-02
2.381684738427980452e-02
2.806729578375610767e-02
3.144021913299466231e-02
3.362457916436045746e-02
3.444703055517572832e-02
3.386475685741097141e-02
3.196600040086783334e-02
2.896076265632085978e-02
2.515867402039839718e-02
2.093938434114883673e-02
1.670856451007818322e-02
1.285538089782778393e-02
9.709007809331371419e-03
7.522750016898060998e-03
6.456082485427505624e-03
6.567169178598675217e-03
7.840832899336458439e-03
1.018077942674544545e-02
1.340604158510438904e-02
1.725186346916052216e-02
2.137768458690847417e-02
2.540121276752482782e-02
2.894058007441735469e-02
3.166337382810224810e-02
3.333244551711189718e-02
3.382510735809463043e-02
3.314369869374234057e-02
3.139166137626980824e-02
2.872401688540382469e-02
2.533503910011813964e-02
2.143739385501020056e-02
1.727366599113766554e-02
1.314255877277337170e-02
9.416774918425852015e-03
6.521673332442690096e-03
4.854358601553143693e-03
4.698017465781800794e-03
6.110606847425925636e-03
8.898616827444860711e-03
1.267739990551330909e-02
1.698186814815627610e-02
2.137761199939813839e-02
2.552467770193433960e-02
2.918103033445806904e-02
3.215967956547116646e-02
3.427474028316013221e-02
3.532708945993079386e-02
3.518394560003279548e-02
3.370721020467282170e-02
3.092237619565596507e-02
2.700405898879754130e-02
2.228018196160275188e-02
1.720701122644552328e-02
1.233450790528933805e-02
8.229602383836076562e-03
5.384985879885118010e-03
4.122252114258984079e-03
4.505226896768466105e-03
6.351430558722448438e-03
9.285192845533529749e-03
1.285838286630869298e-02
1.666975209748799980e-02
2.043895218939295599e-02
2.401619394032072918e-02
2.732148908829878931e-02
3.026804963002716065e-02
3.269980774848613159e-02
3.438240047044383019e-02
3.505034164936626784e-02
3.447115564184821679e-02
3.252543823898890185e-02
2.927122704873608150e-02
2.496841245853564928e-02
2.005141400499754756e-02
1.506115575908295590e-02
1.055444204459821123e-02
7.001270221033473184e-03
4.723843366659763454e-03
3.874544503048471533e-03
4.447174004961862437e-03
6.323543775676898626e-03
9.313077900667932063e-03
1.317542036984176157e-02
1.762496324097595490e-02
2.232903703098021442e-02
2.690894016002076672e-02
3.095953043659893655e-02
3.410361351047586087e-02
3.602296315212949462e-02
3.648230281276265696e-02
3.537469749746080527e-02
3.274724241359538990e-02
2.881903249105721709e-02
2.397220550048551058e-02
1.872504017518894504e-02
1.367618268926218406e-02
9.401882933381178198e-03
6.363592260196671013e-03
4.842852225718341508e-03
4.898371138849610951e-03
6.372892975102129043e-03
8.967455854416384042e-03
1.233345758319825958e-02
1.615806291275667661e-02
2.015544483054498848e-02
2.409266901412099315e-02
