9.044438264009351201e-11
6.571419019185814567e-11
7.483792056406751188e-11
1.098585370185221229e-10
1.698680668268093495e-10
2.601737550267235894e-10
3.915740180773624328e-10
5.799048137246525983e-10
8.467264703136456120e-10
1.220475894301923176e-09
1.738707119090544983e-09
2.450582107968745634e-09
3.419938441352374292e-09
4.729667891202318781e-09
6.484805511646274419e-09
8.814030767334639532e-09
1.187790960446814497e-08
1.588247776041826583e-08
2.108232693485983262e-08
2.774222625793560818e-08
3.626043634294502063e-08
4.705698770758032299e-08
6.069273911474112693e-08
7.783660561576478278e-08
9.929985644443578154e-08
1.260588538528839599e-07
1.594203515984810652e-07
2.008596734066115406e-07
2.520454774636814405e-07
3.139128825794847881e-07
3.867681643540848376e-07
4.794965657879064005e-07
5.879106527753375484e-07
7.108080641062528339e-07
8.515648788585554506e-07
9.916328981597572665e-07
1.161351800384950294e-06
1.393541886181069792e-06
1.708466982540736207e-06
1.812195835195483578e-06
2.101588229643036810e-06
2.470699291221334352e-06
2.877790462381465230e-06
3.361496543154511704e-06
3.909313792810552134e-06
4.490392495630178763e-06
5.060697658943566190e-06
5.600742253924280946e-06
6.025990300889852533e-06
6.191559396233301489e-06
6.005303300697627797e-06
5.474647090531155299e-06
3.742699279387178974e-06
1.087981217119856591e-06
2.774132676852808222e-06
8.923295051063849891e-06
1.680238428648204668e-05
2.445426699631473281e-05
3.264729733392705927e-05
4.133424879144075129e-05
4.924155837841488780e-05
5.550808709142394123e-05
5.844525862953419814e-05
5.610841460886964211e-05
4.748393058325701098e-05
3.113262895916539546e-05
7.413873833726587107e-06
2.231968784299868540e-05
5.694736982798772126e-05
9.368400790377227460e-05
1.275711783377732214e-04
1.525961462350247546e-04
1.630237806658187333e-04
1.536048604997147522e-04
1.198496716408365179e-04
5.866722972204544892e-05
2.995074197151649032e-05
1.414063407227170838e-04
2.662584587418290400e-04
3.911859942692388296e-04
5.015119197204575109e-04
5.825704079663844440e-04
6.204638187002881446e-04
6.029713331068656560e-04
5.219919315444991690e-04
3.758192667869237713e-04
1.714088572550504842e-04
7.659454567386705926e-05
3.475441441666281576e-04
6.154473214319270595e-04
8.496124218373023087e-04
1.019710955324344649e-03
1.101032265264394487e-03
1.072886933198437254e-03
9.241722113189208181e-04
6.573286376394641166e-04
2.878270482813993802e-04
1.553797435963218370e-04
6.304993902988650272e-04
1.087777080729290932e-03
1.477152831523828114e-03
1.754080443320904818e-03
1.883232902433121811e-03
1.840397737109187399e-03
1.615943233537256050e-03
1.221579097766222833e-03
6.888002601738746778e-04
6.392297225076236367e-05
5.958581270595741247e-04
1.229919029773421033e-03
1.777333267820517797e-03
2.182050137278635990e-03
2.404599179972185911e-03
2.421707163172683204e-03
2.226753314278714750e-03
1.832499140740174092e-03
1.270339401205051923e-03
5.839753345692469053e-04
1.708201544608413554e-04
9.306367932955543400e-04
1.638601441291108853e-03
2.238589530879614171e-03
2.684898127817788270e-03
2.941524385381236520e-03
2.984303618060847509e-03
2.803446839161376040e-03
2.405732168158907641e-03
1.810454507281209846e-03
1.048812803536052461e-03
1.672256929398313954e-04
7.808124760664570665e-04
1.732448565481170717e-03
2.618434421428107468e-03
3.365936474940163948e-03
3.902987348901942617e-03
4.167363183295275976e-03
4.111492861610786635e-03
3.713039472702922388e-03
2.981786568504645428e-03
1.958947519988572545e-03
7.075519713965601433e-04
6.836036999857619204e-04
2.096278378944285269e-03
3.396380707613117899e-03
4.457442117665001702e-03
5.173947981317304247e-03
5.465644119056670309e-03
5.281050368385861553e-03
4.608471668453832486e-03
3.487093674356585033e-03
2.007936746035487389e-03
2.883545651018680749e-04
1.528337500431436796e-03
3.270156234198738285e-03
4.773621233160195605e-03
5.901492134810554582e-03
6.548742885914169039e-03
6.646714082877805060e-03
6.188093801920124468e-03
5.217460593825681489e-03
3.812680967038400027e-03
2.083302797590396056e-03
1.679585870937926420e-04
1.769120809618304800e-03
3.561641299727217810e-03
5.075004265436648503e-03
6.187569914880317740e-03
6.798376959041684681e-03
6.859884409239535609e-03
6.372288385450732354e-03
5.359058207787440777e-03
3.874822844411699840e-03
2.035978239740189859e-03
8.387947503024334231e-06
2.092727466644184620e-03
4.041194447820445346e-03
5.685169752203908869e-03
6.881225578028090165e-03
7.517230292561433158e-03
7.527374166200174153e-03
6.901350333484346580e-03
5.687525969806445786e-03
3.994063678452383637e-03
1.973570133477264843e-03
2.044507434794556357e-04
2.359307419304567787e-03
4.304711818838785099e-03
5.881296314276936339e-03
6.950572124094004517e-03
7.400323477936654112e-03
7.188445763512351337e-03
6.350914024804086774e-03
4.979798968940518655e-03
3.208064154047737728e-03
1.189413368997642396e-03
8.902815952689060357e-04
2.836530417958536571e-03
4.483864701827583628e-03
5.700876068774856156e-03
6.401330699795463978e-03
6.540479393617877960e-03
6.129873187449945415e-03
5.236500224678630570e-03
3.945305747349503109e-03
2.376376012555110086e-03
6.733389347957955632e-04
1.012541023120962008e-03
2.537068309563228746e-03
3.781360362375458736e-03
4.656846475089323860e-03
5.104476978881073573e-03
5.110239283083787241e-03
4.703817182902332063e-03
3.939898989122804333e-03
2.899960454540262238e-03
1.688642897436582694e-03
4.191203210270440173e-04
7.924380379148099817e-04
1.831994989539822895e-03
2.611406609093165371e-03
3.088387896684202313e-03
3.250884266664338506e-03
3.115403574374096124e-03
2.727460989322955717e-03
2.147282983911513385e-03
1.449496775435908181e-03
7.105859493451658617e-04
1.147543334566494416e-05
5.779296845931494514e-04
1.014833446408871598e-03
1.287497921392571475e-03
1.412807462992810839e-03
1.418770451506233847e-03
1.341178612246129173e-03
1.216993119331998691e-03
1.081202821649271048e-03
9.626048645076977842e-04
8.773209807388862710e-04
8.287553710193368110e-04
8.161076848743476072e-04
8.215256744042384335e-04
8.329451715101229186e-04
8.175598422354719407e-04
7.426735239888388731e-04
5.967680952925848202e-04
3.842569376187098614e-04
1.039641971954371672e-04
2.249419372349779271e-04
5.695015370150742625e-04
9.051736845968749593e-04
1.201105870203316144e-03
1.419633647755636462e-03
1.528770916638516868e-03
1.508845534634137286e-03
1.351611138235824655e-03
1.063799089486712566e-03
6.558270199050240208e-04
1.444967736307818120e-04
4.314298003224684998e-04
1.019547507096517976e-03
1.568276711935895395e-03
2.016579555079230091e-03
2.316159426212112404e-03
2.421527225123270861e-03
2.305838651436405845e-03
1.968480660465585317e-03
1.456476669922972950e-03
8.249018850221241173e-04
1.381924798790724678e-04
5.401045989724513000e-04
1.154024732669611851e-03
1.657583957702527975e-03
2.008903744593267069e-03
2.173054578593880924e-03
2.128818092334774145e-03
1.894987197991429345e-03
1.523903712238007134e-03
1.063830510097762841e-03
5.470015253209375506e-04
1.931972776011142356e-05
4.617320391059448448e-04
8.372983337786446892e-04
1.081350504195591764e-03
1.202836704326886406e-03
1.230606569176085794e-03
1.174350442885518844e-03
1.035564695310590456e-03
8.296096023922493960e-04
5.883354602491903734e-04
3.405613210650921228e-04
1.121972714801481457e-04
7.455725546374631914e-05
2.145508158626752268e-04
3.119879329671813818e-04
3.781754900840976160e-04
4.260388521969486449e-04
4.762481187083060139e-04
5.291117197158314977e-04
5.838440046170964483e-04
6.523379498763532585e-04
