3.955510967238451414e-04
1.184289594720278060e-03
3.756834593447111459e-03
7.832682777591082335e-03
1.299207243922417820e-02
1.872917988282341017e-02
2.450782985663202407e-02
2.981425433773787770e-02
3.420398321783568729e-02
3.733945432969421052e-02
3.901360731174141616e-02
3.915707646418276067e-02
3.783107666121199308e-02
3.521067683126932746e-02
3.156478146897145898e-02
2.723242842389472784e-02
2.259454021344053931e-02
1.804283598299494251e-02
1.394447484840144469e-02
1.060864288317131532e-02
8.263615311977390299e-03
7.040880821128192579e-03
6.974668749971990600e-03
8.006236220127638248e-03
9.996504017288465604e-03
1.273797933676945604e-02
1.597738675641302564e-02
1.943847226881412205e-02
2.284557076151472188e-02
2.594265255385796998e-02
2.851031298411399462e-02
3.038489873322802737e-02
3.146411093606782394e-02
3.170720037449070716e-02
3.113804988774904192e-02
2.985304452463688474e-02
2.800534586921099578e-02
2.577856501224440322e-02
2.336682940952239385e-02
2.097162705864330512e-02
1.879033086487424953e-02
1.698544050434092068e-02
1.566444392488797188e-02
1.488464185958915387e-02
1.464808299168085526e-02
1.490762914467957945e-02
1.556977540655091197e-02
1.650008062458363511e-02
1.756383977908637650e-02
1.866667311312375510e-02
1.977032560492242297e-02
2.087053759507595529e-02
2.196171270210711679e-02
2.302969902241913669e-02
2.406509687991831292e-02
2.496881937271788754e-02
2.559463225348612703e-02
2.583719794266459147e-02
2.567059400351079379e-02
2.517634983509364766e-02
2.450216031628593694e-02
2.380509272274011767e-02
2.317516110579787014e-02
2.263132268948064851e-02
2.212602227442328484e-02
2.156819064337689440e-02
2.092056567999123207e-02
2.021346321877337537e-02
1.952673060910503633e-02
1.898386635959381508e-02
1.871727697486003095e-02
1.878614910680698191e-02
1.915646169626727957e-02
1.975129506707284932e-02
2.048296402502958191e-02
2.129275246917639031e-02
2.215126785978971391e-02
2.304564194561464774e-02
2.391717112962032932e-02
2.464974093009153489e-02
2.512877231826271540e-02
2.528725855847779869e-02
2.511267259314098332e-02
2.468231581840518718e-02
2.412888732095153088e-02
2.357324132437910169e-02
2.309475961697660118e-02
2.275707879661503785e-02
2.260458080788985136e-02
2.264207517342642362e-02
2.280837577979422104e-02
2.304259834574373667e-02
2.329363914892623733e-02
2.352021731823272788e-02
2.368532037135862023e-02
2.378109394806826593e-02
2.382284403021395214e-02
2.387687387057035870e-02
2.403096898010903537e-02
2.427523935335629268e-02
2.449099668014020903e-02
2.452479237086691022e-02
2.423675325960872318e-02
2.357372613168184916e-02
2.263690782747107555e-02
2.165368279816481945e-02
2.084611451639617474e-02
2.042676129345288860e-02
2.059081696083420177e-02
2.144388256825291439e-02
2.290883575435631592e-02
2.472512710161467453e-02
2.655085312495308880e-02
2.808228281208968724e-02
2.910632064588281054e-02
2.955380524945083742e-02
2.952600883824740841e-02
2.915142125017422536e-02
2.858924281145591717e-02
2.798774612030352493e-02
2.736672125304606684e-02
2.666602792248584652e-02
2.583684283450016217e-02
2.483476444824983531e-02
2.367166449039781462e-02
2.241638564173342729e-02
2.121506206523826599e-02
2.023688421071756505e-02
1.963259823459628794e-02
1.951716872816888770e-02
1.992925142843826603e-02
2.094547540101354688e-02
2.254804891614403672e-02
2.452652588068404693e-02
2.670973866414194653e-02
2.900567927860364659e-02
3.128335088036759970e-02
3.340320570735033634e-02
3.517654152755911312e-02
3.645258715983279441e-02
3.710830953681576450e-02
3.709357928259249260e-02
3.629759024894729791e-02
3.474940776698642875e-02
3.257054043440010815e-02
2.989116493460464152e-02
2.689254679484631705e-02
2.387658673267900600e-02
2.110562232482537937e-02
1.882099564949890613e-02
1.729228103131985606e-02
1.666996606929405100e-02
1.709113100713088862e-02
1.860493612950031572e-02
2.111481642599422059e-02
2.437209698748721287e-02
2.813930235940775848e-02
3.210946756185417694e-02
3.596875955974943029e-02
3.944051648995994253e-02
4.228957430867108513e-02
4.430028552923626073e-02
4.527616475171669652e-02
4.509984041261161369e-02
4.362526926429566299e-02
4.100738979316886912e-02
3.754217809845239451e-02
3.355741562521608046e-02
2.943373469218368843e-02
2.551275371790517887e-02
2.215490215716375832e-02
1.962745354238126794e-02
1.802422507289480613e-02
1.739514280432596927e-02
1.782797865288643369e-02
1.945695056367691134e-02
2.224949453275781863e-02
2.605178945982022931e-02
3.057390921256741834e-02
3.540588179298920224e-02
4.007198989072879858e-02
4.410960488190018847e-02
4.714801876397478608e-02
4.891512457272317871e-02
4.928982818597660298e-02
4.833554221055225142e-02
4.627015484035212900e-02
4.327344794342613543e-02
3.955206146968670566e-02
3.542536222013137337e-02
3.124091490771763180e-02
2.731583362474576671e-02
2.399405290524336820e-02
2.164264915991631621e-02
2.052584054337669439e-02
2.074412777755552106e-02
2.228044855649125022e-02
2.492352862530056168e-02
2.834166599381826579e-02
3.219888651219859899e-02
3.614124097186544038e-02
3.985300584902418120e-02
4.307622106023767383e-02
4.561789558793727384e-02
4.728994143804143846e-02
4.794157115691854987e-02
4.760264296713723198e-02
4.637080774031188124e-02
4.439142261371287201e-02
4.189088196647283713e-02
3.909187406350311811e-02
3.625609632426929352e-02
3.367261224892148519e-02
3.157430263647065249e-02
3.013548590631809354e-02
2.943767511048278607e-02
2.943381692491131574e-02
3.007875041001084604e-02
3.134543147939583552e-02
3.314074919517639994e-02
3.525017959659415556e-02
3.745413987173906722e-02
3.952361406959625789e-02
4.129821534393551818e-02
4.262492541463025475e-02
4.338219739466497860e-02
4.352126079480567178e-02
4.312577324684618851e-02
4.240903914661242613e-02
4.158666233997998507e-02
4.083407459737031786e-02
4.024677031300460950e-02
3.976592140575729850e-02
3.931677597803173718e-02
3.888912636913044452e-02
3.848517103648962934e-02
3.814441624653031049e-02
3.791122742081587393e-02
3.779531461853458119e-02
3.779022568370538071e-02
3.793177026308025557e-02
3.825266675510330394e-02
3.860881386157688500e-02
3.891873823837355140e-02
3.918869506135069791e-02
3.941008461971329258e-02
3.957366952287588724e-02
3.971499389004440328e-02
3.992574739632936964e-02
4.029489364045979460e-02
4.084589022145701520e-02
4.148271569349115673e-02
4.208812231909886403e-02
4.256819448202164846e-02
4.283526946227245169e-02
4.287691399256077229e-02
4.270183945624983490e-02
4.231715529237822793e-02
4.190894396193345361e-02
4.162132766425252761e-02
4.149467459901112765e-02
4.152901312773982223e-02
4.165051353094695319e-02
4.176665036955584664e-02
4.182090461722798302e-02
4.180444562534124664e-02
4.176100952918637699e-02
4.172048083368451454e-02
4.176941715118631659e-02
4.202397515944544804e-02
4.252420140872725796e-02
4.317687198565012263e-02
4.382545051669284319e-02
4.434321739065549828e-02
4.462617314486627684e-02
4.459438668476423118e-02
4.424272610295831853e-02
4.363644348971384979e-02
4.289164585126814533e-02
4.213213426013762142e-02
4.146983265526460460e-02
4.095182898451976694e-02
4.060873603156500700e-02
4.054880456887055562e-02
4.089883506778702049e-02
4.171909638664750286e-02
4.296204285610172313e-02
4.450168936395260122e-02
4.619060474181324594e-02
4.789869190753881512e-02
4.936996352337552629e-02
5.037049304724428023e-02
5.077158856187302671e-02
5.054527869097180659e-02
4.969069191178543399e-02
4.825382928980859187e-02
4.635579078181262247e-02
4.417264347429694649e-02
4.191820465292261932e-02
3.977673974702022885e-02
