1.976197417590752300e-04
5.923059831844971427e-04
1.881564383331389267e-03
3.931000402494176475e-03
6.537357054903869362e-03
9.451599114079936234e-03
1.240421721117857326e-02
1.513099368238491130e-02
1.739800659198676575e-02
1.902355197357841546e-02
1.989357556435952454e-02
1.996803744571479591e-02
1.927833457186937938e-02
1.791838163440698933e-02
1.603229584822335463e-02
1.380011655980267066e-02
1.142157396842744671e-02
9.098114399529452084e-03
7.014841831287602081e-03
5.325043142602588382e-03
4.139558853224466553e-03
3.521681774120967879e-03
3.486725036140362818e-03
4.004932736503869287e-03
5.006834930014530602e-03
6.390710866413514685e-03
8.031873149156402644e-03
9.793079829575354264e-03
1.153511826162545439e-02
1.312674829825390480e-02
1.445366699072378990e-02
1.542637017412110123e-02
1.598669934870964454e-02
1.611228875131215030e-02
1.581797168872219050e-02
1.515345085458457905e-02
1.419674439102406802e-02
1.304623551523096184e-02
1.180880146111918175e-02
1.058959638548074601e-02
9.482382141192595079e-03
8.561984614861264248e-03
7.879457904570454432e-03
7.460318022677244268e-03
7.305442406070959509e-03
7.394636432729346717e-03
7.691756047157772593e-03
8.150585662480683280e-03
8.720630264988024627e-03
9.352051453147235127e-03
9.999556526004456727e-03
1.062492071582431252e-02
1.119792332639478298e-02
1.169598928290239113e-02
1.210296287408646997e-02
1.240773665399215984e-02
1.260327918508412186e-02
1.268626108236751808e-02
1.265739238832790277e-02
1.252219922197449035e-02
1.229166480387802220e-02
1.198245972907502864e-02
1.161625923987127766e-02
1.121803838917058080e-02
1.081380968691840472e-02
1.042846641001351354e-02
1.008395805132141117e-02
9.798352588224966755e-03
9.585505278278136018e-03
9.454632134867149706e-03
9.409699801410285891e-03
9.448819489564483365e-03
9.563402191363298832e-03
9.738231709646157780e-03
9.952614126005341830e-03
1.018251154574814285e-02
1.040360099142252116e-02
1.059480631635303580e-02
1.074162681639841826e-02
1.083843673344577450e-02
1.088933256696183148e-02
1.090740176823272282e-02
1.091145886215111153e-02
1.092262430213192075e-02
1.096015959429608166e-02
1.103764328595697834e-02
1.116013395596980422e-02
1.132280099409941655e-02
1.151119042196084227e-02
1.170301537850427370e-02
1.187099198205958037e-02
1.198605539527184197e-02
1.202044216719873326e-02
1.195070789594734374e-02
1.176049476282386812e-02
1.144334457430095861e-02
1.100494057802262060e-02
1.046493535385718474e-02
9.857546824738867494e-03
9.230443168591128539e-03
8.641566205865971670e-03
8.153811816898772977e-03
7.828022525830776943e-03
7.715268515476141759e-03
7.849470731494135115e-03
8.241618929582878589e-03
8.876749786722693686e-03
9.714249932766967285e-03
1.069172692692170121e-02
1.173126365250943062e-02
1.274785681583560752e-02
1.365730223304235588e-02
1.438320440963609947e-02
1.486246776694911953e-02
1.504920087225193083e-02
1.491727473106967648e-02
1.446187626048100160e-02
1.370019841764554512e-02
1.267114149400527801e-02
1.143419359775412619e-02
1.006815253951964806e-02
8.667379149260700383e-03
7.337477883228234708e-03
6.188455100202539666e-03
5.326003195143924618e-03
4.841633280149557766e-03
4.802859853984802613e-03
5.244564006030972766e-03
6.162755630861224167e-03
7.511368307610848290e-03
9.202593929518870092e-03
1.111121079895221152e-02
1.308294971681628685e-02
1.494676826586503401e-02
1.653033176536106152e-02
1.767728462289015409e-02
1.826415841771080600e-02
1.821485305466132715e-02
1.751070367886688531e-02
1.619479132272540547e-02
1.436974725575700280e-02
1.218923002396223379e-02
9.843818894497641594e-03
7.542773138872593125e-03
5.493676977252265510e-03
3.882257693354750419e-03
2.854308006738169763e-03
2.502049612622969394e-03
2.855850503089924376e-03
3.881870075820084958e-03
5.485825007213114383e-03
7.522423651617412242e-03
9.809551768063543009e-03
1.214598416216408974e-02
1.433052416973569672e-02
1.618029555120392704e-02
1.754621569933311268e-02
1.832442821084113993e-02
1.846326563408433319e-02
1.796570424629664875e-02
1.688737492222387726e-02
1.533023770764765405e-02
1.343260000737371909e-02
1.135681457949557459e-02
9.276052190055426167e-03
7.361024058753841068e-03
5.766966058560141217e-03
4.621026953496695962e-03
4.010814703115296587e-03
3.975838695913019687e-03
4.503772252491333901e-03
5.532550940947801241e-03
6.957699264957011541e-03
8.643394273068273279e-03
1.043545547157287423e-02
1.217526361617118739e-02
1.371381942644171910e-02
1.492488124051335671e-02
1.571590182730294924e-02
1.603583392371478109e-02
1.587810438332055638e-02
1.528035433277324245e-02
1.432025105202676916e-02
1.310801322686461039e-02
1.177532769433704309e-02
1.046105817912611549e-02
9.294992043754175814e-03
8.381977323134857938e-03
7.789735338293828602e-03
7.542619461526542217e-03
7.622430231642061786e-03
7.975390308766108771e-03
8.522784188535581507e-03
9.174390355486507567e-03
9.841432739117025180e-03
1.044764770271303447e-02
1.093732436490037034e-02
1.127946770861872408e-02
1.146779267020294792e-02
1.151702586864733827e-02
1.145687759322680521e-02
1.132537670830670480e-02
1.116309191255345119e-02
1.100843736616143216e-02
1.089392148356113817e-02
1.084292618059664974e-02
1.086725615839889865e-02
1.096595884152952970e-02
1.112573445827727894e-02
1.132292492957851122e-02
1.152656535732208415e-02
1.170202021437207959e-02
1.181491142567338802e-02
1.183524931406156923e-02
1.174151284501590009e-02
1.152410343704275350e-02
1.118738695908262117e-02
1.074996015425249557e-02
1.024350939106931195e-02
9.710327064355680007e-03
9.199791951930607822e-03
8.763884666700035020e-03
8.451855943809490068e-03
8.304430120126000958e-03
8.348523048990542580e-03
8.593398049261237806e-03
9.028742267257425583e-03
9.625268555986023905e-03
1.033767356943595186e-02
1.110920584983441511e-02
1.187723692328730533e-02
1.257911938304104651e-02
1.315766384416496189e-02
1.356579701361991346e-02
1.376997978315227904e-02
1.375211065237942100e-02
1.351016158757041910e-02
1.305795659217813369e-02
1.242420173845395874e-02
1.165102373768699129e-02
1.079175186908335089e-02
9.907557576689906761e-03
9.063052058577490341e-03
8.321253486159183033e-03
7.738442468179229650e-03
7.359641851311926435e-03
7.215040820946227486e-03
7.317443525135594595e-03
7.661171436001893049e-03
8.222557943485564111e-03
8.962026556785714429e-03
9.827337304684085478e-03
1.075752925977515977e-02
1.168723356150562498e-02
1.255139534689248167e-02
1.329037981930718260e-02
1.385502924855129374e-02
1.421079718521075196e-02
1.434004635997243246e-02
1.424186477948378472e-02
1.392971312698058038e-02
1.342761934028014782e-02
1.276588338576937522e-02
1.197752267579976770e-02
1.109644135184709168e-02
1.015768876106649607e-02
9.199714036236740500e-03
8.267510016883439575e-03
7.414896420698356173e-03
6.704385718268760647e-03
6.203637342610425834e-03
5.978625977554040752e-03
6.084423122454159921e-03
6.555206903935527178e-03
7.395415032886022699e-03
8.573610619248569695e-03
1.002063239919335352e-02
1.163271687056694446e-02
1.327944553671431965e-02
1.481534822951236299e-02
1.609394332240982398e-02
1.698278152076252226e-02
1.737802968943017584e-02
1.721699918781261635e-02
1.648660833111920826e-02
1.522679084352451979e-02
1.352855234813354554e-02
1.152718518074360120e-02
9.391498538575264107e-03
7.309553111256302665e-03
5.471455148107780449e-03
4.050503621841202231e-03
3.184987590140938522e-03
2.963141911677328981e-03
3.413726623968674212e-03
4.503307738779730764e-03
6.139759524394706319e-03
8.181436373193233524e-03
1.045076335110261753e-02
1.275067638556764797e-02
