3.141584571141556204e+00
3.141586324834002131e+00
3.141587951920222999e+00
3.141589357288801843e+00
3.141590476529843912e+00
3.141591289199629600e+00
3.141591824344276862e+00
3.141592167272082570e+00
3.141592473287814880e+00
3.141592318313428223e+00
3.141591232485611673e+00
3.141589081657194971e+00
3.141585225757229871e+00
3.141578880842855970e+00
3.141569158453150656e+00
3.141555154829502428e+00
3.141536094484618236e+00
3.141511499553487408e+00
3.141481336467086827e+00
3.141446116838156222e+00
3.141406970147649247e+00
3.141365707412543173e+00
3.141324831362327874e+00
3.141287351855783783e+00
3.141256318938207670e+00
3.141234193927730622e+00
3.141222278775263277e+00
3.141220351976960146e+00
3.141226717716494310e+00
3.141237227342465577e+00
3.141246534969406312e+00
3.141247435015813938e+00
3.141232448133241206e+00
3.141195560000774378e+00
3.141134662023235435e+00
3.141052392388602232e+00
3.140956497479493237e+00
3.140859320868301108e+00
3.140777085559389725e+00
3.140729050915948228e+00
3.140735342325693402e+00
3.140812040131666372e+00
3.140965553267424770e+00
3.141191524539056701e+00
3.141472243157556576e+00
3.141404752440269288e+00
3.141104496601541562e+00
3.140855210745456372e+00
3.140702679549595366e+00
3.140687967268129377e+00
3.140839426226767372e+00
3.141171746835130563e+00
3.141509024943241357e+00
3.140865666717967741e+00
3.140143937350729164e+00
3.139413022048487711e+00
3.138753887400421494e+00
3.138257382692307029e+00
3.138001603268800732e+00
3.138041009411846272e+00
3.138397720755655484e+00
3.139060947613706354e+00
3.139978664268943565e+00
3.141076755633917195e+00
3.140937577010365356e+00
3.139809821637236098e+00
3.138836564576482857e+00
3.138130467018208414e+00
3.137765691162982318e+00
3.137789668520598596e+00
3.138246924752065681e+00
3.139102469496910963e+00
3.140258704659121491e+00
3.141574342434328315e+00
3.140147938110906090e+00
3.138775232514924962e+00
3.137568639894668721e+00
3.136624916503405469e+00
3.136027001305055073e+00
3.135846338112120879e+00
3.136105996787937666e+00
3.136774984528450716e+00
3.137811089180853052e+00
3.139159304703186937e+00
3.140721452267458247e+00
3.140799623173057498e+00
3.139160137062027012e+00
3.137697827074037882e+00
3.136551322764275174e+00
3.135821941588932571e+00
3.135620931570163972e+00
3.135989876553054057e+00
3.136924901322148518e+00
3.138413023998478213e+00
3.140347855003345678e+00
3.140664542941260517e+00
3.138459233159870188e+00
3.136436315505484629e+00
3.134809884053779694e+00
3.133736080117202949e+00
3.133333371141929558e+00
3.133661889722276772e+00
3.134681143552759064e+00
3.136283116520223846e+00
3.138306096065698103e+00
3.140543336281794939e+00
3.140430428099195481e+00
3.138484067665491484e+00
3.136966818370242827e+00
3.135987292689759176e+00
3.135612008304397680e+00
3.135854585426926633e+00
3.136655195509311156e+00
3.137899249896977327e+00
3.139450365452851610e+00
3.141156936627700347e+00
3.140309496632628594e+00
3.138700707445969851e+00
3.137326659104801685e+00
3.136293289946855189e+00
3.135664461242767764e+00
3.135469187710916650e+00
3.135694834575661893e+00
3.136337057537129436e+00
3.137347660875007271e+00
3.138616262717782046e+00
3.140036765757396875e+00
3.141497203522978232e+00
3.140328342167870268e+00
3.139195312428949780e+00
3.138378303307100659e+00
3.137943848705959660e+00
3.137950548358530156e+00
3.138411722672224347e+00
3.139267588306855039e+00
3.140392272258064832e+00
3.141550430357957779e+00
3.140327181183053096e+00
3.139262149366724763e+00
3.138492304667444888e+00
3.138119385595038668e+00
3.138153775141165003e+00
3.138566993486006318e+00
3.139228139191192035e+00
3.139951980166306722e+00
3.140599999553030930e+00
3.141084367981645808e+00
3.141336882684216736e+00
3.141300674299383200e+00
3.140996643345890682e+00
3.140516831634974526e+00
3.139957430162152008e+00
3.139414032653736530e+00
3.138993965423878763e+00
3.138787813218259171e+00
3.138842706148107453e+00
3.139176453873625761e+00
3.139741835954366955e+00
3.140450031624144156e+00
3.141204355548314009e+00
3.141297487985923009e+00
3.140795347391609038e+00
3.140500709464587370e+00
3.140427688137791495e+00
3.140573073001149851e+00
3.140921459748407418e+00
3.141461961556133886e+00
3.141011360805148200e+00
3.140178454456739043e+00
3.139296974553348107e+00
3.138434640433377165e+00
3.137657443996124229e+00
3.137017608130263646e+00
3.136562100374171713e+00
3.136340692751200088e+00
3.136390052908717418e+00
3.136762110458519270e+00
3.137481662248243985e+00
3.138496906171746037e+00
3.139710434393064631e+00
3.140986091180158368e+00
3.141010363264002070e+00
3.140071679263427118e+00
3.139508857397878661e+00
3.139349336764208243e+00
3.139567847304629122e+00
3.140138532838910645e+00
3.141024783634446038e+00
3.141069156665563078e+00
3.139896067055911288e+00
3.138736452855261039e+00
3.137740605538626326e+00
3.137105702725000445e+00
3.136876861140743156e+00
3.137015164865487371e+00
3.137476417689379904e+00
3.138150683794959317e+00
3.138917391035724425e+00
3.139668961926171065e+00
3.140332502228039502e+00
3.140874564956741111e+00
3.141255138448621143e+00
3.141449298946969559e+00
3.141460252355842364e+00
3.141337048180688374e+00
3.141153915047972145e+00
3.140927689142088752e+00
3.140660709361522862e+00
3.140373040641333269e+00
3.140100330995044597e+00
3.139864917411979039e+00
3.139649277546224582e+00
3.139455142481554883e+00
3.139286884084356188e+00
3.139138060745649828e+00
3.139011833376740501e+00
3.138940214900403536e+00
3.138960947206092644e+00
3.139071541386146524e+00
3.139214807999270995e+00
3.139352839722033384e+00
3.139476961218703899e+00
3.139580506065526855e+00
3.139650600898261423e+00
3.139649037521265562e+00
3.139600649421403045e+00
3.139610851713976469e+00
3.139743664168291648e+00
3.140010095052456762e+00
3.140373376737238598e+00
3.140785486281589822e+00
3.141220493829670168e+00
3.141532260858579395e+00
3.141170186260627606e+00
3.140944522721342391e+00
3.140918197811065404e+00
3.141106690489158915e+00
3.141476627375379582e+00
3.141191951076918176e+00
3.140574023442473273e+00
3.139959660862763791e+00
3.139419371314037921e+00
3.138951660483816131e+00
3.138567329806462691e+00
3.138324932896634500e+00
3.138299398673458640e+00
3.138510306335176914e+00
3.138929148186260676e+00
3.139508086208140814e+00
3.140172631780016488e+00
3.140814305500919001e+00
3.141346063037328218e+00
3.141431440760980021e+00
3.141149406923581910e+00
3.141029476558778288e+00
3.141112759237892682e+00
3.141388944209087430e+00
3.141378428260003020e+00
3.140868224196510017e+00
3.140294209320988017e+00
3.139721800220686365e+00
3.139237012207853450e+00
3.138878689617396134e+00
3.138654583237324491e+00
3.138559620342806333e+00
3.138578827686664408e+00
3.138707711635109643e+00
3.138954210472580719e+00
3.139322873031083816e+00
3.139788276965032487e+00
3.140281182216289046e+00
3.140719221056335275e+00
3.141061674006878413e+00
3.141323976271170881e+00
3.141493949351140902e+00
3.141505980297339740e+00
3.141335790110853399e+00
3.141012412710185053e+00
3.140543705482304659e+00
3.139957505606106203e+00
3.139312756436562601e+00
3.138665391734706489e+00
3.138092383906775140e+00
3.137652654106472649e+00
3.137336675532540031e+00
3.137120388412092620e+00
3.137035871828434797e+00
3.137145363107434193e+00
3.137487390913913821e+00
3.138061281206474540e+00
3.138859183024595101e+00
3.139840353496436975e+00
3.140901626081946230e+00
3.141271323876473787e+00
3.140443101076484389e+00
3.139909589748260732e+00
3.139746823559732114e+00
3.139987077589063258e+00
3.140612966582352339e+00
3.141550702306780796e+00
