3.111698362569018738e-14
3.790146698737165961e-05
7.695723382122463191e-05
1.199989685860980171e-04
1.697462491894630068e-04
2.288308932969343511e-04
2.998142342178993338e-04
3.852004810227380649e-04
4.874538632541337542e-04
6.090259711250957213e-04
7.523908980505353283e-04
9.200713609636549696e-04
1.114625629695962204e-03
1.338557888859612417e-03
1.594114545810189354e-03
1.882934797072465275e-03
2.205543425345665286e-03
2.560694598897145496e-03
2.944635324943386135e-03
3.350373843876797673e-03
3.767086427932151305e-03
4.179811378640426595e-03
4.569580907444892835e-03
4.914130292005249034e-03
5.189279616494245177e-03
5.371017037060260742e-03
5.438217243419639878e-03
5.375782020731936089e-03
5.177892762321127142e-03
4.850932959434812487e-03
4.415590878864321216e-03
3.907578451546083603e-03
3.376634200324822154e-03
2.883512755427019517e-03
2.494958379476779672e-03
2.277060482399794177e-03
2.288256393020894706e-03
2.570592739054779197e-03
3.143964344590783385e-03
4.000918918373494448e-03
5.104309439304018960e-03
6.388037339058608502e-03
7.761122509287835501e-03
9.114840076800677718e-03
1.033256449768794709e-02
1.130134525968768712e-02
1.192404554704783529e-02
1.213094826366419195e-02
1.188924568893365979e-02
1.120895372199679982e-02
1.014471313051542450e-02
8.792637649497000302e-03
7.282370990261455984e-03
5.765091308552012031e-03
4.398665945450412791e-03
3.331614190401365784e-03
2.687643554316699723e-03
2.552548941538360268e-03
2.965124317848431574e-03
3.912989123750577024e-03
5.333696079812787205e-03
7.120822494735009646e-03
9.134144636068691064e-03
1.121274431514142876e-02
1.318971748262739822e-02
1.490725294255270360e-02
1.623042603408706916e-02
1.705799051539020478e-02
1.732991040148762138e-02
1.703140446792879986e-02
1.619377549660495214e-02
1.489239580637862631e-02
1.324168049980722905e-02
1.138662823266316064e-02
9.491538966472291838e-03
7.727207410233765186e-03
6.257673099156544141e-03
5.227319458941238547e-03
4.748509789995146273e-03
4.890175024613008757e-03
5.668839095063016656e-03
7.043818532197083579e-03
8.918275942831661515e-03
1.114676034083484854e-02
1.354764082474778711e-02
1.591879434360727458e-02
1.805551457506602772e-02
1.976989365346463329e-02
2.091050359582004650e-02
2.137990974131448105e-02
2.114686717075241543e-02
2.025075188146020083e-02
1.879740937939802792e-02
1.694757059975150748e-02
1.489969735393032770e-02
1.286921665365323326e-02
1.106614291290826738e-02
9.672747799593804999e-03
8.824583858364034791e-03
8.597419455649872241e-03
9.001923988584670938e-03
9.986265975907796660e-03
1.144537595990996123e-02
1.323480613060567038e-02
1.518718091818768365e-02
1.712951827009588993e-02
1.889984814278685560e-02
2.036164001762895068e-02
2.141511174240101276e-02
2.200405112058264820e-02
2.211807455920210622e-02
2.179045460973943332e-02
2.109203678619858691e-02
2.012223279068094464e-02
1.899835456745025200e-02
1.784424857003896053e-02
1.677906746631455809e-02
1.590691851949860638e-02
1.530817795766749138e-02
1.503349778452184315e-02
1.510032917553468315e-02
1.549353345080108427e-02
1.616835488204659485e-02
1.705597442828565846e-02
1.807114067908896851e-02
1.912109565334324870e-02
2.011501231732369319e-02
2.097321882237690449e-02
2.163504509434186276e-02
2.206436252960261579e-02
2.225235271561261038e-02
2.221718199989779208e-02
2.200066677040238283e-02
2.166232188407671636e-02
2.127145697995048643e-02
2.089812635132097876e-02
2.060427878526451331e-02
2.043643281920140900e-02
2.042078637735709676e-02
2.056155647308717180e-02
2.084256223369720593e-02
2.123157094938909334e-02
2.168633641372289672e-02
2.216110523841694283e-02
2.261268029585991948e-02
2.300529412043448782e-02
2.331388654891097117e-02
2.352588580066425697e-02
2.364112178981581103e-02
2.367034731898816011e-02
2.363282125536756914e-02
2.355346311279649107e-02
2.345965398890584308e-02
2.337816134497207321e-02
2.333233594342010511e-02
2.333990057480933925e-02
2.341171767927797964e-02
2.355153037926527304e-02
2.375655135482836189e-02
2.401865629394584270e-02
2.432601437532141281e-02
2.466505150504479452e-02
2.502250812630375798e-02
2.538718165141081590e-02
2.575083239265402862e-02
2.610809112058786602e-02
2.645546288405754148e-02
2.678979461407069926e-02
2.710666462070654772e-02
2.739886486051293021e-02
2.765518995415961953e-02
2.785996922958581395e-02
2.799373663413407334e-02
2.803553903443825254e-02
2.796669694975985679e-02
2.777570625578438049e-02
2.746321653152702241e-02
2.704581246122586199e-02
2.655836138434576263e-02
2.605340624261815591e-02
2.559795476276725823e-02
2.526707242294432693e-02
2.513511341552826864e-02
2.526542178488799459e-02
2.570019295151396849e-02
2.645210223417791481e-02
2.749894336290395133e-02
2.878253464002637763e-02
3.021185172151143183e-02
3.167052389380713845e-02
3.302800076645786426e-02
3.415287694390000545e-02
3.492790901797242220e-02
3.526443518767231194e-02
3.511427821657747694e-02
3.447756583041213657e-02
3.340512851350822821e-02
3.199497905104892875e-02
3.038308676033942696e-02
2.872977062787911498e-02
2.720348760682094955e-02
2.596397608983486496e-02
2.514657047792433903e-02
2.484924861025215176e-02
2.512380887112967628e-02
2.597156001081800739e-02
2.734359268318360334e-02
2.914539089504478153e-02
3.124504215639452645e-02
3.348421291297083019e-02
3.569095422368305515e-02
3.769337694904208863e-02
3.933333150452440058e-02
4.047923296577026625e-02
4.103720381732541694e-02
4.095979348378064877e-02
4.025129705101963828e-02
3.896894379583856760e-02
3.721943228559254635e-02
3.515137520266283649e-02
3.294412526752395209e-02
3.079385481659158846e-02
2.889765079197357048e-02
2.743655803435179202e-02
2.655908233407663216e-02
2.636687526251191641e-02
2.690412332779168469e-02
2.815180862453632929e-02
3.002738660271358009e-02
3.239010436227521966e-02
3.505199395227411030e-02
3.779413524082308323e-02
4.038707858731232364e-02
4.261315609090451928e-02
4.428805235954195313e-02
4.527876147851152971e-02
4.551598619166540710e-02
4.500004532984795691e-02
4.379986540318467347e-02
4.204521801082115873e-02
3.991296346980190840e-02
3.760881957718519714e-02
3.534707441316970594e-02
3.333092786915847761e-02
3.173535855180963788e-02
3.069382392898066872e-02
3.028915706867110758e-02
3.054887332741396122e-02
3.144503581983798535e-02
3.289862023733917257e-02
3.478807385920804074e-02
3.696097175885094260e-02
3.924734255166822949e-02
4.147334286166354245e-02
4.347454735396126535e-02
4.510841155096498994e-02
4.626517469398974680e-02
4.687634853787538830e-02
4.691975217179259611e-02
4.642038705187676723e-02
4.544726843156005752e-02
4.410675792216519481e-02
4.253322081288441608e-02
4.087764741939881735e-02
3.929482859398254063e-02
3.792991053553132486e-02
3.690538588079149418e-02
3.631001919419875323e-02
3.619120814204230402e-02
3.655165515745420479e-02
3.735059008117330021e-02
3.850910912254085217e-02
3.991881312270782051e-02
4.145297722258722145e-02
4.297930646519153991e-02
4.437322238098884153e-02
4.553020857294232809e-02
4.637565796706277776e-02
4.687109635997178947e-02
4.701608947816244416e-02
4.684588264466239826e-02
4.642522943297607702e-02
4.583921989954905379e-02
4.518217526104971460e-02
4.454586937336066366e-02
4.400867813257425959e-02
4.362718415752294548e-02
4.343164691552740819e-02
4.342566604342420339e-02
4.358957407249613308e-02
4.388641606125301409e-02
4.426896862488968742e-02
4.468690106901401088e-02
4.509333250261611525e-02
4.545043259667600616e-02
4.573355366528146504e-02
4.593338714524250466e-02
4.605603924056086290e-02
4.612102616377053432e-02
4.615752412860556902e-02
