2.766029773879554414e-14
3.789962451479396150e-05
7.695368709068592156e-05
1.199937817200536801e-04
1.697394244675575880e-04
2.288223879033879848e-04
2.998039964168614717e-04
3.851885285797428679e-04
4.874404318810498116e-04
6.090117576383744695e-04
7.523774070496537861e-04
9.200613355996249253e-04
1.114623508055364405e-03
1.338570184520446746e-03
1.594150014967575480e-03
1.883004236192090163e-03
2.205658957414066094e-03
2.560868358458402282e-03
2.944877539602572085e-03
3.350690422748140666e-03
3.767476296117333416e-03
4.180263923352153452e-03
4.570074010844825396e-03
4.914629491856998926e-03
5.189738921697694025e-03
5.371381795132204595e-03
5.438429197150492812e-03
5.375786344788810803e-03
5.177646464287354380e-03
4.850413635794162577e-03
4.414804543396958110e-03
3.906564954359682817e-03
3.375468868355180254e-03
2.882303221882017222e-03
2.493836179055650658e-03
2.276167754845231407e-03
2.287729062853320703e-03
2.570542150593319378e-03
3.144459636686568107e-03
4.001972828116729178e-03
5.105869901142704587e-03
6.389986672878060839e-03
7.763285444459657424e-03
9.117000104846145758e-03
1.033448729640691795e-02
1.130280673453973490e-02
1.192486049246286282e-02
1.213099580556561627e-02
1.188848908261899012e-02
1.120744906630678425e-02
1.014260450422011309e-02
8.790141692608399032e-03
7.279752818134520645e-03
5.762631069511440704e-03
4.396623119932037069e-03
3.330196393042321890e-03
2.686980828780497193e-03
2.552683549346515795e-03
2.966011414239280632e-03
3.914507289481449458e-03
5.335669791410679527e-03
7.123043037535740050e-03
9.136396803016066590e-03
1.121483790704472412e-02
1.319150266605548932e-02
1.490862892768933523e-02
1.623134046029787655e-02
1.705843158992087494e-02
1.732989553540646363e-02
1.703097056080751445e-02
1.619296438190322152e-02
1.489125126555732037e-02
1.324025250620907042e-02
1.138497166763893613e-02
9.489721603999122859e-03
7.725322611852498966e-03
6.255841677114744315e-03
5.225688276009006483e-03
4.747237515432971115e-03
4.889407121918442484e-03
5.668718964802027874e-03
7.044421017753008628e-03
8.919613942365072976e-03
1.114876315910733051e-02
1.355014846425155184e-02
1.592157575809580866e-02
1.805828625583365959e-02
1.977236098316213428e-02
2.091240179256012924e-02
2.138103493614180312e-02
2.114710079189176251e-02
2.025005888513039740e-02
1.879586458619302014e-02
1.694536912647073498e-02
1.489709578971944171e-02
1.286652321192753058e-02
1.106364885968519687e-02
9.670689213745538304e-03
8.823138534533057908e-03
8.596688645142947643e-03
9.001931730971253487e-03
9.986950820901974515e-03
1.144660213039898171e-02
1.323640300484663773e-02
1.518897210046497685e-02
1.713133305436715173e-02
1.890154154090650795e-02
2.036307609890522161e-02
2.141620943864143770e-02
2.200477229368506468e-02
2.211841742023820320e-02
2.179043426658821420e-02
2.109168068581645031e-02
2.012158301026832283e-02
1.899747024885436314e-02
1.784320992867189509e-02
1.677797127050088127e-02
1.590586151969314993e-02
1.530725150460027044e-02
1.503276404177174112e-02
1.509984041115014150e-02
1.549334975665847026e-02
1.616849789277814350e-02
1.705641635019752161e-02
1.807180581971437952e-02
1.912187398439928535e-02
2.011578960031794316e-02
2.097389440641792696e-02
2.163553744976466978e-02
2.206462287699520464e-02
2.225235851302256873e-02
2.221694442147055873e-02
2.200025433492849153e-02
2.166181686650680768e-02
2.127095254016481488e-02
2.089773111586856746e-02
2.060407671291220738e-02
2.043646866021457328e-02
2.042105773886572842e-02
2.056201157958900683e-02
2.084312111948746424e-02
2.123214978811919715e-02
2.168684960287093830e-02
2.216147258774318549e-02
2.261285268648106569e-02
2.300524798836915685e-02
2.331362107943889608e-02
2.352541667069998205e-02
2.364047790515423977e-02
2.366958842213401012e-02
2.363205562014040681e-02
2.355280718236941670e-02
2.345917203304781484e-02
2.337786776625275231e-02
2.333224398647796086e-02
2.334005138919052758e-02
2.341215053106834171e-02
2.355223222985218870e-02
2.375742368245281969e-02
2.401954569353442412e-02
2.432681101685485112e-02
2.466570847042963768e-02
2.502301568319183558e-02
2.538751927480925250e-02
2.575094338327736654e-02
2.610793289392610711e-02
2.645506714230354967e-02
2.678927915264002826e-02
2.710617267337005198e-02
2.739848515293009587e-02
2.765495239521545065e-02
2.785986006691956035e-02
2.799372804817400195e-02
2.803561541530064441e-02
2.796683462857455990e-02
2.777582398102974859e-02
2.746317100943583903e-02
2.704554197742956370e-02
2.655782727317248723e-02
2.605267224191454636e-02
2.559714918302376588e-02
2.526632128932642524e-02
2.513452364675374667e-02
2.526511213521504678e-02
2.570030712895603892e-02
2.645274194538653825e-02
2.750012192601685584e-02
2.878413547349699744e-02
3.021360936598595226e-02
3.167221869286768882e-02
3.302944661400798732e-02
3.415396292141550244e-02
3.492848430093139361e-02
3.526434190885991554e-02
3.511341901813058719e-02
3.447600294858483433e-02
3.340309284464974826e-02
3.199277360770001744e-02
3.038095177754764759e-02
2.872784767212343063e-02
2.720191118077505341e-02
2.596293033625365551e-02
2.514621910445779054e-02
2.484963610488086921e-02
2.512483717496812735e-02
2.597302437263202674e-02
2.734529130463264623e-02
2.914719893652321578e-02
3.124687768313528027e-02
3.348595357708695347e-02
3.569241958982072305e-02
3.769442378234590801e-02
3.933392991441474196e-02
4.047942331560017148e-02
4.103702939576095443e-02
4.095923738613721499e-02
4.025032910391940916e-02
3.896759685882225654e-02
3.721784012409298792e-02
3.514970762560463285e-02
3.294249148806434324e-02
3.079231014255872506e-02
2.889625261995862684e-02
2.743542359483114659e-02
2.655840112471060527e-02
2.636681991818660975e-02
2.690474620334708244e-02
2.815300415959489516e-02
3.002898317387552377e-02
3.239196512198204425e-02
3.505400604193762565e-02
3.779616542826023939e-02
4.038893163870081737e-02
4.261461332237760635e-02
4.428895679476249625e-02
4.527903991602100220e-02
4.551564387066191902e-02
4.499914004808168444e-02
4.379848217774555408e-02
4.204350390165054879e-02
3.991112033390506464e-02
3.760705388242486374e-02
3.534554672304374839e-02
3.332970999904290993e-02
3.173452064862331001e-02
3.069345673389515736e-02
3.028931772858800206e-02
3.054951755013017578e-02
3.144602038994131349e-02
3.289977608115037672e-02
3.478930755353691617e-02
3.696228955434293501e-02
3.924874529299544196e-02
4.147475104112042371e-02
4.347579384087283533e-02
4.510931213181413463e-02
4.626565124901237808e-02
4.687645680898015060e-02
4.691959772434021320e-02
4.642001102263353801e-02
4.544659544896280379e-02
4.410571373035399034e-02
4.253183831707345319e-02
4.087610545853857802e-02
3.929339867350219867e-02
3.792881384057775196e-02
3.690469938019833723e-02
3.630971379484132511e-02
3.619125660016191126e-02
3.655210644679789816e-02
3.735151138815089727e-02
3.851047453168164603e-02
3.992042775467449789e-02
4.145453257074040165e-02
4.298054251582046625e-02
4.437401157621605891e-02
4.553052626613842552e-02
4.637551178384591299e-02
4.687048552789890854e-02
4.701503401371425611e-02
4.684448673263769125e-02
4.642367056217111543e-02
4.583772894009110338e-02
4.518098599096066759e-02
4.454513670887684518e-02
4.400848075151257699e-02
4.362752754178260417e-02
4.343245270924888518e-02
4.342679355086900839e-02
4.359089530820653424e-02
4.388779111468420896e-02
4.427028125361589378e-02
4.468798313974000486e-02
4.509396232247052383e-02
4.545041553319158212e-02
4.573286194742400695e-02
4.593224601637597299e-02
4.605471276031111727e-02
4.611967391335405203e-02
4.615615856177877202e-02
