3.728213045242068091e-04
1.173260162172784504e-03
3.725319357361311923e-03
7.748639590798078736e-03
1.282081410576552116e-02
1.843136575504988883e-02
2.403924876437735225e-02
2.912815763960452387e-02
3.325610005178036843e-02
3.609475252877325513e-02
3.745308184086204584e-02
3.728214406347107879e-02
3.566328891645742516e-02
3.278668474874291139e-02
2.892718804771166052e-02
2.442092971650244859e-02
1.964220416641315747e-02
1.497851705984754034e-02
1.080421738073700233e-02
7.453324363082325377e-03
5.193900940433926472e-03
4.205452910105544895e-03
4.560702380869252615e-03
6.214631136039927561e-03
9.004676663876720610e-03
1.266526420695834876e-02
1.685649390691235094e-02
2.120249658974271423e-02
2.533174437829133208e-02
2.891170329440306830e-02
3.167306089309385175e-02
3.342292688170267478e-02
3.404937769707194750e-02
3.352079997239598708e-02
3.188323955071437066e-02
2.925743810018022195e-02
2.583862293115568587e-02
2.188914987711887417e-02
1.773268960690899121e-02
1.373646216049528856e-02
1.028168986463917634e-02
7.722309953014927508e-03
6.336748128377256428e-03
6.282838039228688665e-03
7.567475014200408800e-03
1.004035752551479810e-02
1.341513454064857669e-02
1.731343426614539993e-02
2.132129442153540833e-02
2.504465131867239513e-02
2.815288220524136964e-02
3.040423703467598493e-02
3.165303238355832161e-02
3.184424523216922154e-02
3.100232413705761303e-02
2.922044802091183779e-02
2.665286753342344106e-02
2.350931233510689111e-02
2.004855276954853327e-02
1.656682434783296465e-02
1.337807740573715432e-02
1.078584951559913296e-02
9.049232437913001803e-03
8.348699866206343856e-03
8.759620225930575543e-03
1.024053180020445541e-02
1.263973584954747320e-02
1.571803469653221264e-02
1.918069225648788567e-02
2.271037953493659778e-02
2.599542342934058059e-02
2.875222764899154626e-02
3.074254500053608119e-02
3.178723232131253074e-02
3.177752422534074750e-02
3.068414306065114783e-02
2.856409113441493730e-02
2.556444379302080794e-02
2.192081008332358305e-02
1.794669427200334955e-02
1.401131128553190219e-02
1.050387270360630954e-02
7.789904313743600817e-03
6.169437244493702899e-03
5.841835599719513716e-03
6.882724149361418853e-03
9.233530227518715883e-03
1.270367438480068945e-02
1.698541585292456801e-02
2.168116416845622396e-02
2.634095484514098473e-02
3.050590391390417544e-02
3.375246063894654647e-02
3.573464183463337385e-02
3.622081869484006234e-02
3.512232051512420572e-02
3.251023700999300381e-02
2.861517196321339274e-02
2.380839837447368268e-02
1.856453132202273704e-02
1.341030990441272053e-02
8.865930304843505638e-03
5.386598672854847614e-03
3.311334516567399078e-03
2.825457743304227165e-03
3.942532328658154839e-03
6.509281294642454974e-03
1.023366591437580020e-02
1.472953374476337896e-02
1.956880386336290467e-02
2.433053318215705474e-02
2.863720047790352385e-02
3.217519677478486440e-02
3.470223986562881446e-02
3.604785553757761107e-02
3.611405729475947179e-02
3.488042066806107400e-02
3.241310557490872934e-02
2.887297976012237477e-02
2.451879701310111237e-02
1.969700735747526021e-02
1.481871068623197285e-02
1.032330905216471972e-02
6.631469339914874972e-03
4.095310416171171752e-03
2.954640818916276501e-03
3.308027936513080469e-03
5.104523491457291229e-03
8.156748868825225429e-03
1.217058311192942277e-02
1.678327202360130332e-02
2.160186063200364437e-02
2.623591318982709808e-02
3.032271058858448942e-02
3.354651394052543534e-02
3.565469363834006256e-02
3.647303058151196709e-02
3.592052138103518644e-02
3.402164067050061913e-02
3.091307731389925095e-02
2.684118292220760704e-02
2.214803008864618672e-02
1.724530847419269985e-02
1.257719924907363396e-02
8.575641550677803870e-03
5.613248523792746525e-03
3.961391860566765288e-03
3.760125819684656534e-03
5.004291533635019107e-03
7.547340130305224548e-03
1.112119056442550935e-02
1.536867067653513441e-02
1.988449111578471928e-02
2.425935262524769875e-02
2.812128332650642992e-02
3.116895863042978831e-02
3.319264959128664927e-02
3.408161884266236452e-02
3.381966915546696928e-02
3.247258445568868002e-02
3.017216128980637624e-02
2.710134688419996163e-02
2.348322030286298379e-02
1.957449243825393204e-02
1.566142003630133228e-02
1.205202172872776867e-02
9.058820235857023562e-03
6.970137931443520785e-03
6.013540017032914520e-03
6.319465296919291042e-03
7.894728071416112769e-03
1.061274813815749063e-02
1.422290596327369094e-02
1.837718071258565011e-02
2.266933142378813049e-02
2.668088147950486988e-02
3.002734644421745092e-02
3.239757022047629054e-02
3.358143624032783325e-02
3.348274526441286092e-02
3.211861112399228002e-02
2.961163899464547278e-02
2.617904289414529906e-02
2.212079293381330469e-02
1.780422444637563828e-02
1.364050218955270566e-02
1.004989983543713716e-02
7.417651159805416228e-03
6.046081038712292077e-03
6.111231646976911236e-03
7.632548642191983035e-03
1.046203013666413550e-02
1.429810097570838323e-02
1.871859874761117037e-02
2.323364166540853315e-02
2.734827407626283513e-02
3.062550864967494846e-02
3.273891127973915793e-02
3.350625877136681474e-02
3.289978070814059130e-02
3.103442792840038766e-02
2.814027975160460215e-02
2.452682054724175664e-02
2.054620739618429059e-02
1.656036786603776179e-02
1.291449587663950904e-02
9.916195931694682386e-03
7.818895169649731081e-03
6.807117053695410647e-03
6.982311157164300397e-03
8.349983075971900703e-03
1.081077091482784969e-02
1.415985239795158890e-02
1.809899942593695688e-02
2.226256019095651517e-02
2.625552317523283108e-02
2.969772358370592613e-02
3.226591507053233610e-02
3.372696794733109904e-02
3.395663731449816147e-02
3.294338538790086979e-02
3.077974647351044979e-02
2.764660143422326133e-02
2.379575368446951167e-02
1.953350213605364871e-02
1.520496017778338871e-02
1.117634080013341080e-02
7.811521616858163597e-03
5.441176809387049396e-03
4.325902096286360354e-03
4.618758102669096033e-03
6.336061075477683602e-03
9.345222586748525018e-03
1.337450496647063503e-02
1.804351863901854092e-02
2.290822510131107492e-02
2.751186968278429568e-02
3.143385019629174604e-02
3.433010213977816250e-02
3.596117651626506984e-02
3.620623127788147322e-02
3.506372079096309324e-02
3.264250255580936066e-02
2.914786185138218411e-02
2.486606850706130079e-02
2.014797177605121004e-02
1.538842566322617955e-02
1.099780910530956390e-02
7.364943893502839956e-03
4.815406313563252994e-03
3.573171686818032988e-03
3.734480519867244830e-03
5.260003715961358850e-03
7.986036548864761109e-03
1.165064539599625082e-02
1.592805360011528837e-02
2.046441546646116105e-02
2.490909019591602824e-02
2.893777167359368185e-02
3.226673535716950703e-02
3.466077661054756121e-02
3.593962807367534484e-02
3.598685666475265332e-02
3.476199855071027134e-02
3.231374477595883032e-02
2.878998770226648407e-02
2.443987499429878252e-02
1.960342879531040694e-02
1.468694824121496989e-02
1.012628261688297560e-02
6.343124940409117229e-03
3.700671365641561295e-03
2.464124395584077476e-03
2.770904289154607625e-03
4.613901549646137745e-03
7.839843799880119590e-03
1.216330770213314150e-02
1.719449095229141911e-02
2.247723097427467565e-02
2.753188043020082798e-02
3.189856779383637431e-02
3.517776246424753062e-02
3.706564615060492507e-02
3.738276389563721658e-02
3.609351725601284144e-02
3.331359757613361339e-02
2.930298062184810703e-02
2.444447458129739292e-02
1.920895046036419362e-02
1.410929278769934569e-02
9.646352251726830751e-03
6.253339334400975780e-03
4.245740583524892919e-03
3.785676223053813239e-03
4.867528597522707834e-03
7.326381008669557993e-03
1.086616798848316634e-02
1.510140076974186840e-02
1.960495296213382588e-02
2.395452183369684018e-02
