1.976203751332390832e-04
5.923072237904080046e-04
1.881567966676435735e-03
3.931008822811245078e-03
6.537374446105706505e-03
9.451632014531306455e-03
1.240427693735561554e-02
1.513109848849418688e-02
1.739818102934425140e-02
1.902381726088734140e-02
1.989395773353728678e-02
1.996858400901523403e-02
1.927911546192810285e-02
1.791949123366351829e-02
1.603382038089472966e-02
1.380219248440033540e-02
1.142445511393270878e-02
9.102048802569017924e-03
7.020156890329804292e-03
5.331880824730987276e-03
4.148089759163473174e-03
3.532051193020113809e-03
3.499200854521492248e-03
4.019099774469568273e-03
5.022578458746151074e-03
6.407549995892156298e-03
8.048975509656549482e-03
9.809829953618965856e-03
1.155025775722213176e-02
1.313989284595486022e-02
1.446439921100171541e-02
1.543446582583933926e-02
1.599196110589161390e-02
1.611508080815635471e-02
1.581868992523721359e-02
1.515238852825430936e-02
1.419468134944345226e-02
1.304479061485461049e-02
1.180993636978538118e-02
1.059430899836820254e-02
9.491571427863151889e-03
8.577173234034665347e-03
7.901749747668952370e-03
7.489843825613992472e-03
7.341343994071134610e-03
7.434488920502336194e-03
7.731439653047554941e-03
8.185747428393022607e-03
8.747378109739514448e-03
9.366654767832398656e-03
9.999173600536764503e-03
1.060905187853616698e-02
1.117040674916349244e-02
1.166413418708150095e-02
1.207881232513335554e-02
1.240014601715870059e-02
1.261736428109681840e-02
1.272728797069331251e-02
1.273091260050338187e-02
1.263239294747223879e-02
1.243963270992660443e-02
1.216614382379306927e-02
1.182815670170556284e-02
1.144142487931185115e-02
1.102616251368768174e-02
1.060609146337937979e-02
1.020388042147470781e-02
9.841016751010027777e-03
9.538233279191853792e-03
9.313150675325869085e-03
9.180988587753279376e-03
9.153760762203892384e-03
9.236369960478087171e-03
9.424148873629762529e-03
9.703429425342796968e-03
1.005266375369834667e-02
1.044784699387283668e-02
1.086192813188258458e-02
1.126476902906097324e-02
1.162750674665207276e-02
1.192711240385499645e-02
1.214727629761028910e-02
1.227981311732470257e-02
1.232358883628705513e-02
1.228120684131701022e-02
1.216147965200323373e-02
1.198005186185204310e-02
1.175318123614760638e-02
1.149179511599850156e-02
1.120485827739932036e-02
1.090958650654142228e-02
1.062889152524191562e-02
1.038423601137918560e-02
1.019581722842595288e-02
1.007881298697971446e-02
1.003967963143872870e-02
1.007443919475128034e-02
1.017004040833666481e-02
1.030665950823719638e-02
1.046442341435138181e-02
1.062967803121398110e-02
1.079756623145390962e-02
1.097057377842571707e-02
1.115135756874783592e-02
1.133955851110849539e-02
1.152837697057091694e-02
1.170756207599308110e-02
1.186462124105979593e-02
1.198584203028003198e-02
1.205908659787176436e-02
1.207523204943627103e-02
1.203667383523591115e-02
1.195207873681422908e-02
1.183051777554387785e-02
1.168308713645150806e-02
1.151891782772606308e-02
1.134581074873660875e-02
1.117020311804233119e-02
1.099562625874554028e-02
1.082646303643163346e-02
1.067508073884411088e-02
1.055692293673748602e-02
1.048654471725643869e-02
1.047761587552097258e-02
1.053340897058425638e-02
1.065050215042901566e-02
1.081664555031009584e-02
1.101335243802147902e-02
1.122191018463123899e-02
1.143272013011199621e-02
1.163570418728931445e-02
1.181993065720437532e-02
1.197907686767941786e-02
1.210782367433695279e-02
1.219754737991610161e-02
1.224358145742992718e-02
1.224250016564036592e-02
1.219157359397427670e-02
1.209259241512659552e-02
1.196692466615378175e-02
1.183674937426629908e-02
1.171483880827281325e-02
1.160853187430472069e-02
1.151499690201021608e-02
1.144170382420190216e-02
1.139332684620325206e-02
1.136460666473298846e-02
1.135804156651659680e-02
1.138391339972557974e-02
1.143966602466955397e-02
1.151802234946989155e-02
1.161797571814788751e-02
1.173356296796403825e-02
1.185534360852894507e-02
1.197627051550289104e-02
1.209001597588408271e-02
1.220170221266496380e-02
1.231074091432962474e-02
1.241039634515765482e-02
1.250572284106945577e-02
1.261074154778383562e-02
1.272687090844010042e-02
1.283784586591663925e-02
1.292243806215215111e-02
1.295676231921682672e-02
1.293429985115972410e-02
1.287301556169504271e-02
1.278640232978544254e-02
1.268173383300809018e-02
1.257370636395169911e-02
1.246580656619363132e-02
1.235198061510107276e-02
1.223955462674557702e-02
1.214185950218964367e-02
1.207795760606590607e-02
1.205716187347745383e-02
1.208738214473114789e-02
1.218311625685035426e-02
1.233982685907782442e-02
1.254569409008245325e-02
1.278637662583832248e-02
1.303544931958760741e-02
1.327746605248695741e-02
1.350272721422486263e-02
1.369516007492900707e-02
1.383089370434948361e-02
1.389299222713949629e-02
1.387205736849874034e-02
1.376879184117064427e-02
1.359302157041795273e-02
1.337091795329088673e-02
1.314757697022670042e-02
1.296036591814688117e-02
1.282951503836904546e-02
1.276659383876653335e-02
1.278271724639287212e-02
1.286711850482394164e-02
1.299295668601176644e-02
1.314023201315377316e-02
1.330055312314048360e-02
1.346543725691553596e-02
1.362076457471167283e-02
1.375003045078808210e-02
1.384373173163397711e-02
1.389216159156700728e-02
1.389923379608493104e-02
1.386334970625650864e-02
1.378232627997406229e-02
1.367329202067501213e-02
1.356680071182348422e-02
1.348819868905868843e-02
1.345367099051522283e-02
1.347614338191378998e-02
1.355966074910006092e-02
1.370230197651829858e-02
1.389312851505225543e-02
1.410754406743680404e-02
1.432330845769054679e-02
1.451284967805934953e-02
1.463827128692642143e-02
1.468252340285832423e-02
1.464651397448449820e-02
1.454885374003847889e-02
1.442079114898250913e-02
1.428493338867007668e-02
1.415717666255385775e-02
1.404652048925645637e-02
1.396301830386024144e-02
1.390718797263615185e-02
1.387967822699587295e-02
1.389164788399890361e-02
1.394634278393630349e-02
1.403867116247689908e-02
1.415720081342568271e-02
1.428433752349004583e-02
1.440880291832514343e-02
1.451714340045517741e-02
1.460503065257555758e-02
1.467992644491170930e-02
1.474766981019686417e-02
1.482323003226307737e-02
1.492402755251368181e-02
1.505756085153128060e-02
1.522403802709449035e-02
1.541136057914615880e-02
1.559189437489080267e-02
1.574819425957309921e-02
1.586667502858752493e-02
1.593157786711083684e-02
1.593114230379579638e-02
1.584872525655657560e-02
1.566753602480376595e-02
1.540532462860621718e-02
1.510332759954359852e-02
1.479325577992309654e-02
1.450110033377956589e-02
1.426020638272032515e-02
1.410644289354327612e-02
1.406321755932706495e-02
1.415339451708855570e-02
1.440160437734924574e-02
1.480199222717336859e-02
1.531870621834786547e-02
1.590648362787354386e-02
1.651389390336711893e-02
1.709061805649761054e-02
1.758330125089738183e-02
1.796125105170763223e-02
1.819478106941613271e-02
1.828558760062569746e-02
1.823275535708904910e-02
1.803943733526498089e-02
1.771823880509558122e-02
1.729513066222359771e-02
1.680178666381549821e-02
1.626388895225999026e-02
1.569173922400010288e-02
1.511301201641708329e-02
1.459651991645747812e-02
1.420684517556008650e-02
1.398104043898920276e-02
1.394522645788907542e-02
1.412704243573220317e-02
1.453292057565980407e-02
1.516506266402146974e-02
1.599368402026213332e-02
1.696040089341592505e-02
1.799985955238664684e-02
1.904741581885195656e-02
2.003222245362117418e-02
2.085173619912333159e-02
2.140576872160418476e-02
2.162473497123667404e-02
2.145490343118227825e-02
2.088512900691569599e-02
1.997356948811451760e-02
1.879163958333372741e-02
1.741988723656326746e-02
1.597032720634105479e-02
1.459119750658975645e-02
